1	2	1
2	2	1
3	7	1
4	2	1
5	2	1
6	1	1
7	1	1
8	2	1
9	2	1
10	2	1
11	2	1
12	2	1
13	2	1
14	2	1
15	2	1
16	2	1
17	2	1
18	2	1
19	2	1
20	7	1
21	2	1
22	2	1
23	2	1
24	1	1
25	1	1
26	1	1
27	1	1
28	2	1
29	1	1
30	2	1
31	1	1
32	2	1
33	1	1
34	1	1
35	2	1
36	2	1
37	7	1
38	2	1
39	2	1
40	2	1
41	1	1
42	1	1
43	1	1
44	2	1
45	1	1
46	2	1
47	1	1
48	2	1
49	7	1
50	2	1
51	2	1
52	2	1
53	2	1
54	2	1
55	2	1
56	2	1
57	7	1
58	2	1
59	2	1
60	1	1
61	2	1
62	7	1
63	7	1
64	1	1
65	2	1
66	2	1
67	2	1
68	7	1
69	2	1
70	2	1
71	1	1
72	1	1
73	1	1
74	1	1
75	1	1
76	2	1
77	1	1
78	2	1
79	1	1
80	2	1
81	2	1
82	7	1
83	7	1
84	7	1
85	7	1
86	7	1
87	2	1
88	1	1
1	2	2
2	2	2
3	7	2
4	2	2
5	2	2
6	1	2
7	2	2
8	7	2
9	2	2
10	7	2
11	2	2
12	2	2
13	2	2
14	1	2
15	2	2
16	7	2
17	2	2
18	2	2
19	2	2
20	2	2
21	2	2
22	2	2
23	2	2
24	1	2
25	2	2
26	1	2
27	1	2
28	2	2
29	1	2
30	2	2
31	1	2
32	2	2
33	1	2
34	1	2
35	2	2
36	2	2
37	1	2
38	2	2
39	1	2
40	2	2
41	1	2
42	2	2
43	1	2
44	2	2
45	1	2
46	2	2
47	1	2
48	2	2
49	2	2
50	2	2
51	1	2
52	2	2
53	2	2
54	2	2
55	2	2
56	2	2
57	2	2
58	1	2
59	2	2
60	1	2
61	2	2
62	2	2
63	2	2
64	1	2
65	2	2
66	2	2
67	2	2
68	2	2
69	2	2
70	2	2
71	2	2
72	2	2
73	1	2
74	1	2
75	2	2
76	2	2
77	2	2
78	2	2
79	1	2
80	2	2
81	7	2
82	7	2
83	7	2
84	2	2
85	2	2
86	7	2
87	2	2
88	1	2
1	2	3
2	2	3
3	2	3
4	7	3
5	2	3
6	2	3
7	2	3
8	7	3
9	7	3
10	2	3
11	2	3
12	2	3
13	2	3
14	2	3
15	2	3
16	7	3
17	2	3
18	2	3
19	2	3
20	1	3
21	2	3
22	2	3
23	2	3
24	2	3
25	2	3
26	1	3
27	1	3
28	2	3
29	1	3
30	2	3
31	1	3
32	2	3
33	2	3
34	2	3
35	7	3
36	2	3
37	2	3
38	2	3
39	2	3
40	2	3
41	1	3
42	2	3
43	1	3
44	2	3
45	1	3
46	2	3
47	2	3
48	2	3
49	2	3
50	7	3
51	7	3
52	7	3
53	2	3
54	7	3
55	2	3
56	7	3
57	2	3
58	1	3
59	2	3
60	1	3
61	2	3
62	2	3
63	2	3
64	7	3
65	2	3
66	2	3
67	1	3
68	2	3
69	2	3
70	2	3
71	2	3
72	2	3
73	2	3
74	2	3
75	2	3
76	2	3
77	2	3
78	2	3
79	2	3
80	7	3
81	7	3
82	7	3
83	7	3
84	2	3
85	2	3
86	2	3
87	2	3
88	2	3
1	2	4
2	2	4
3	7	4
4	2	4
5	2	4
6	2	4
7	2	4
8	1	4
9	1	4
10	1	4
11	2	4
12	7	4
13	2	4
14	2	4
15	2	4
16	7	4
17	2	4
18	2	4
19	2	4
20	2	4
21	2	4
22	1	4
23	2	4
24	2	4
25	2	4
26	2	4
27	1	4
28	2	4
29	2	4
30	2	4
31	1	4
32	2	4
33	2	4
34	2	4
35	7	4
36	2	4
37	2	4
38	2	4
39	1	4
40	7	4
41	2	4
42	2	4
43	2	4
44	2	4
45	2	4
46	2	4
47	2	4
48	2	4
49	1	4
50	7	4
51	2	4
52	2	4
53	2	4
54	2	4
55	2	4
56	7	4
57	7	4
58	1	4
59	2	4
60	2	4
61	2	4
62	2	4
63	2	4
64	7	4
65	7	4
66	2	4
67	2	4
68	2	4
69	2	4
70	2	4
71	2	4
72	2	4
73	2	4
74	2	4
75	2	4
76	2	4
77	2	4
78	2	4
79	2	4
80	7	4
81	7	4
82	7	4
83	7	4
84	7	4
85	7	4
86	2	4
87	2	4
88	2	4
1	2	5
2	2	5
3	7	5
4	1	5
5	1	5
6	1	5
7	7	5
8	2	5
9	2	5
10	2	5
11	2	5
12	2	5
13	2	5
14	2	5
15	7	5
16	7	5
17	2	5
18	2	5
19	1	5
20	2	5
21	2	5
22	2	5
23	2	5
24	2	5
25	2	5
26	1	5
27	7	5
28	2	5
29	2	5
30	2	5
31	2	5
32	2	5
33	2	5
34	7	5
35	7	5
36	2	5
37	2	5
38	2	5
39	1	5
40	2	5
41	2	5
42	2	5
43	2	5
44	2	5
45	1	5
46	2	5
47	1	5
48	2	5
49	2	5
50	2	5
51	2	5
52	2	5
53	2	5
54	2	5
55	2	5
56	2	5
57	2	5
58	2	5
59	2	5
60	2	5
61	2	5
62	2	5
63	2	5
64	2	5
65	7	5
66	2	5
67	2	5
68	2	5
69	2	5
70	2	5
71	7	5
72	2	5
73	2	5
74	2	5
75	7	5
76	1	5
77	2	5
78	2	5
79	7	5
80	2	5
81	7	5
82	7	5
83	7	5
84	7	5
85	7	5
86	7	5
87	7	5
88	7	5
1	2	6
2	2	6
3	7	6
4	1	6
5	1	6
6	1	6
7	2	6
8	2	6
9	2	6
10	2	6
11	2	6
12	2	6
13	2	6
14	2	6
15	2	6
16	7	6
17	2	6
18	2	6
19	2	6
20	2	6
21	2	6
22	2	6
23	2	6
24	1	6
25	2	6
26	7	6
27	1	6
28	2	6
29	1	6
30	2	6
31	7	6
32	7	6
33	2	6
34	7	6
35	7	6
36	2	6
37	2	6
38	2	6
39	2	6
40	2	6
41	2	6
42	7	6
43	1	6
44	2	6
45	2	6
46	2	6
47	1	6
48	2	6
49	7	6
50	2	6
51	2	6
52	2	6
53	2	6
54	2	6
55	2	6
56	7	6
57	7	6
58	2	6
59	2	6
60	2	6
61	2	6
62	2	6
63	2	6
64	2	6
65	2	6
66	2	6
67	2	6
68	2	6
69	2	6
70	2	6
71	2	6
72	2	6
73	2	6
74	7	6
75	2	6
76	2	6
77	2	6
78	7	6
79	7	6
80	7	6
81	7	6
82	7	6
83	2	6
84	2	6
85	2	6
86	2	6
87	2	6
88	2	6
1	2	7
2	2	7
3	7	7
4	1	7
5	2	7
6	1	7
7	2	7
8	1	7
9	2	7
10	1	7
11	1	7
12	2	7
13	2	7
14	2	7
15	2	7
16	2	7
17	2	7
18	2	7
19	2	7
20	2	7
21	7	7
22	1	7
23	2	7
24	1	7
25	1	7
26	1	7
27	1	7
28	2	7
29	2	7
30	7	7
31	2	7
32	2	7
33	2	7
34	2	7
35	2	7
36	2	7
37	2	7
38	1	7
39	1	7
40	2	7
41	2	7
42	2	7
43	7	7
44	2	7
45	7	7
46	7	7
47	2	7
48	2	7
49	2	7
50	2	7
51	2	7
52	2	7
53	7	7
54	2	7
55	7	7
56	7	7
57	7	7
58	2	7
59	2	7
60	7	7
61	7	7
62	2	7
63	2	7
64	2	7
65	7	7
66	2	7
67	2	7
68	2	7
69	7	7
70	2	7
71	2	7
72	2	7
73	7	7
74	7	7
75	7	7
76	2	7
77	2	7
78	7	7
79	7	7
80	7	7
81	2	7
82	2	7
83	2	7
84	2	7
85	2	7
86	2	7
87	2	7
88	2	7
1	2	8
2	2	8
3	7	8
4	1	8
5	1	8
6	2	8
7	7	8
8	1	8
9	2	8
10	1	8
11	1	8
12	2	8
13	9	8
14	2	8
15	2	8
16	2	8
17	2	8
18	2	8
19	2	8
20	2	8
21	7	8
22	2	8
23	7	8
24	7	8
25	7	8
26	7	8
27	7	8
28	7	8
29	7	8
30	7	8
31	2	8
32	2	8
33	2	8
34	7	8
35	2	8
36	2	8
37	2	8
38	2	8
39	2	8
40	7	8
41	7	8
42	2	8
43	7	8
44	7	8
45	7	8
46	7	8
47	1	8
48	1	8
49	2	8
50	2	8
51	1	8
52	2	8
53	2	8
54	1	8
55	2	8
56	2	8
57	2	8
58	2	8
59	2	8
60	2	8
61	7	8
62	2	8
63	1	8
64	1	8
65	2	8
66	2	8
67	2	8
68	2	8
69	7	8
70	2	8
71	2	8
72	2	8
73	7	8
74	2	8
75	7	8
76	2	8
77	2	8
78	2	8
79	7	8
80	2	8
81	2	8
82	2	8
83	2	8
84	2	8
85	2	8
86	1	8
87	7	8
88	7	8
1	2	9
2	2	9
3	2	9
4	1	9
5	1	9
6	1	9
7	7	9
8	1	9
9	1	9
10	1	9
11	2	9
12	2	9
13	2	9
14	2	9
15	7	9
16	7	9
17	2	9
18	2	9
19	2	9
20	2	9
21	2	9
22	1	9
23	2	9
24	2	9
25	7	9
26	7	9
27	2	9
28	2	9
29	2	9
30	2	9
31	7	9
32	7	9
33	2	9
34	7	9
35	2	9
36	2	9
37	2	9
38	7	9
39	7	9
40	7	9
41	7	9
42	7	9
43	2	9
44	2	9
45	2	9
46	2	9
47	1	9
48	2	9
49	2	9
50	2	9
51	2	9
52	2	9
53	7	9
54	2	9
55	7	9
56	2	9
57	2	9
58	7	9
59	7	9
60	2	9
61	2	9
62	2	9
63	1	9
64	2	9
65	7	9
66	2	9
67	2	9
68	2	9
69	7	9
70	2	9
71	7	9
72	7	9
73	7	9
74	7	9
75	7	9
76	2	9
77	2	9
78	2	9
79	7	9
80	2	9
81	2	9
82	2	9
83	2	9
84	2	9
85	2	9
86	1	9
87	2	9
88	2	9
1	7	10
2	7	10
3	7	10
4	1	10
5	1	10
6	1	10
7	7	10
8	1	10
9	1	10
10	1	10
11	2	10
12	2	10
13	2	10
14	2	10
15	2	10
16	2	10
17	2	10
18	2	10
19	7	10
20	2	10
21	2	10
22	1	10
23	7	10
24	2	10
25	7	10
26	7	10
27	2	10
28	2	10
29	2	10
30	7	10
31	7	10
32	2	10
33	2	10
34	2	10
35	2	10
36	2	10
37	2	10
38	7	10
39	7	10
40	2	10
41	2	10
42	7	10
43	7	10
44	2	10
45	1	10
46	2	10
47	1	10
48	2	10
49	2	10
50	2	10
51	2	10
52	2	10
53	2	10
54	2	10
55	7	10
56	7	10
57	2	10
58	7	10
59	7	10
60	7	10
61	7	10
62	2	10
63	2	10
64	2	10
65	7	10
66	2	10
67	1	10
68	2	10
69	2	10
70	7	10
71	2	10
72	7	10
73	2	10
74	2	10
75	2	10
76	1	10
77	2	10
78	2	10
79	2	10
80	2	10
81	2	10
82	2	10
83	2	10
84	2	10
85	2	10
86	2	10
87	7	10
88	2	10
1	7	11
2	2	11
3	7	11
4	1	11
5	1	11
6	1	11
7	2	11
8	1	11
9	1	11
10	1	11
11	2	11
12	9	11
13	9	11
14	2	11
15	7	11
16	2	11
17	2	11
18	2	11
19	2	11
20	2	11
21	2	11
22	1	11
23	2	11
24	2	11
25	2	11
26	2	11
27	2	11
28	2	11
29	7	11
30	9	11
31	2	11
32	2	11
33	2	11
34	2	11
35	2	11
36	2	11
37	7	11
38	2	11
39	2	11
40	7	11
41	7	11
42	2	11
43	7	11
44	2	11
45	2	11
46	2	11
47	1	11
48	1	11
49	2	11
50	2	11
51	7	11
52	1	11
53	7	11
54	2	11
55	7	11
56	7	11
57	2	11
58	2	11
59	2	11
60	2	11
61	2	11
62	2	11
63	2	11
64	2	11
65	2	11
66	7	11
67	2	11
68	2	11
69	2	11
70	2	11
71	2	11
72	2	11
73	2	11
74	2	11
75	2	11
76	1	11
77	2	11
78	2	11
79	2	11
80	2	11
81	2	11
82	2	11
83	2	11
84	2	11
85	2	11
86	2	11
87	2	11
88	7	11
1	2	12
2	7	12
3	2	12
4	1	12
5	1	12
6	1	12
7	2	12
8	1	12
9	1	12
10	1	12
11	2	12
12	2	12
13	2	12
14	1	12
15	2	12
16	2	12
17	2	12
18	2	12
19	7	12
20	7	12
21	2	12
22	1	12
23	2	12
24	7	12
25	7	12
26	7	12
27	7	12
28	2	12
29	7	12
30	2	12
31	7	12
32	7	12
33	7	12
34	2	12
35	2	12
36	2	12
37	1	12
38	7	12
39	7	12
40	7	12
41	7	12
42	7	12
43	7	12
44	7	12
45	2	12
46	2	12
47	1	12
48	1	12
49	1	12
50	2	12
51	2	12
52	1	12
53	7	12
54	2	12
55	2	12
56	2	12
57	7	12
58	7	12
59	7	12
60	7	12
61	7	12
62	2	12
63	2	12
64	2	12
65	2	12
66	2	12
67	2	12
68	2	12
69	7	12
70	2	12
71	7	12
72	2	12
73	2	12
74	2	12
75	2	12
76	1	12
77	7	12
78	2	12
79	2	12
80	2	12
81	2	12
82	2	12
83	7	12
84	2	12
85	2	12
86	2	12
87	2	12
88	7	12
1	2	13
2	2	13
3	2	13
4	1	13
5	1	13
6	1	13
7	1	13
8	2	13
9	2	13
10	2	13
11	2	13
12	2	13
13	2	13
14	7	13
15	7	13
16	2	13
17	2	13
18	2	13
19	2	13
20	2	13
21	2	13
22	1	13
23	2	13
24	2	13
25	1	13
26	2	13
27	2	13
28	2	13
29	1	13
30	2	13
31	7	13
32	1	13
33	2	13
34	2	13
35	2	13
36	2	13
37	7	13
38	7	13
39	2	13
40	7	13
41	7	13
42	1	13
43	1	13
44	2	13
45	2	13
46	2	13
47	1	13
48	1	13
49	2	13
50	2	13
51	2	13
52	1	13
53	7	13
54	2	13
55	7	13
56	2	13
57	2	13
58	2	13
59	2	13
60	1	13
61	1	13
62	2	13
63	2	13
64	2	13
65	2	13
66	7	13
67	2	13
68	2	13
69	2	13
70	2	13
71	2	13
72	2	13
73	1	13
74	2	13
75	2	13
76	1	13
77	1	13
78	1	13
79	2	13
80	2	13
81	2	13
82	2	13
83	2	13
84	2	13
85	2	13
86	2	13
87	2	13
88	2	13
1	2	14
2	1	14
3	7	14
4	1	14
5	1	14
6	1	14
7	2	14
8	2	14
9	2	14
10	2	14
11	2	14
12	9	14
13	7	14
14	1	14
15	1	14
16	2	14
17	2	14
18	2	14
19	2	14
20	7	14
21	2	14
22	1	14
23	7	14
24	2	14
25	2	14
26	7	14
27	2	14
28	2	14
29	2	14
30	2	14
31	1	14
32	2	14
33	2	14
34	2	14
35	2	14
36	2	14
37	2	14
38	2	14
39	7	14
40	2	14
41	2	14
42	2	14
43	2	14
44	2	14
45	2	14
46	2	14
47	1	14
48	2	14
49	2	14
50	2	14
51	1	14
52	2	14
53	2	14
54	1	14
55	7	14
56	2	14
57	1	14
58	2	14
59	2	14
60	7	14
61	7	14
62	2	14
63	2	14
64	1	14
65	2	14
66	1	14
67	2	14
68	1	14
69	7	14
70	2	14
71	2	14
72	2	14
73	2	14
74	2	14
75	2	14
76	1	14
77	2	14
78	2	14
79	2	14
80	2	14
81	2	14
82	2	14
83	2	14
84	2	14
85	2	14
86	2	14
87	7	14
88	7	14
1	2	15
2	7	15
3	2	15
4	1	15
5	1	15
6	1	15
7	7	15
8	2	15
9	2	15
10	2	15
11	2	15
12	2	15
13	2	15
14	2	15
15	7	15
16	2	15
17	2	15
18	2	15
19	2	15
20	7	15
21	2	15
22	1	15
23	7	15
24	7	15
25	7	15
26	2	15
27	9	15
28	7	15
29	2	15
30	2	15
31	7	15
32	7	15
33	2	15
34	2	15
35	2	15
36	2	15
37	2	15
38	2	15
39	2	15
40	2	15
41	2	15
42	2	15
43	2	15
44	7	15
45	2	15
46	2	15
47	2	15
48	1	15
49	2	15
50	7	15
51	2	15
52	2	15
53	7	15
54	2	15
55	7	15
56	7	15
57	2	15
58	7	15
59	7	15
60	1	15
61	2	15
62	2	15
63	2	15
64	2	15
65	2	15
66	2	15
67	2	15
68	2	15
69	9	15
70	2	15
71	7	15
72	7	15
73	2	15
74	7	15
75	2	15
76	1	15
77	2	15
78	1	15
79	2	15
80	2	15
81	2	15
82	2	15
83	2	15
84	2	15
85	2	15
86	2	15
87	2	15
88	2	15
1	2	16
2	1	16
3	2	16
4	2	16
5	2	16
6	1	16
7	1	16
8	2	16
9	2	16
10	2	16
11	2	16
12	2	16
13	2	16
14	2	16
15	2	16
16	7	16
17	2	16
18	7	16
19	2	16
20	2	16
21	2	16
22	1	16
23	2	16
24	2	16
25	2	16
26	7	16
27	2	16
28	7	16
29	2	16
30	2	16
31	7	16
32	2	16
33	2	16
34	1	16
35	2	16
36	2	16
37	2	16
38	2	16
39	2	16
40	2	16
41	9	16
42	1	16
43	2	16
44	2	16
45	2	16
46	2	16
47	1	16
48	1	16
49	2	16
50	2	16
51	7	16
52	2	16
53	7	16
54	2	16
55	2	16
56	7	16
57	2	16
58	2	16
59	9	16
60	1	16
61	1	16
62	2	16
63	2	16
64	7	16
65	7	16
66	7	16
67	2	16
68	2	16
69	9	16
70	2	16
71	2	16
72	2	16
73	1	16
74	2	16
75	1	16
76	1	16
77	1	16
78	1	16
79	1	16
80	2	16
81	7	16
82	7	16
83	2	16
84	2	16
85	2	16
86	2	16
87	2	16
88	2	16
1	2	17
2	1	17
3	2	17
4	2	17
5	2	17
6	1	17
7	2	17
8	2	17
9	2	17
10	2	17
11	2	17
12	2	17
13	2	17
14	2	17
15	2	17
16	2	17
17	2	17
18	2	17
19	2	17
20	2	17
21	7	17
22	2	17
23	9	17
24	2	17
25	2	17
26	9	17
27	9	17
28	7	17
29	2	17
30	2	17
31	2	17
32	2	17
33	1	17
34	1	17
35	2	17
36	2	17
37	2	17
38	2	17
39	2	17
40	2	17
41	2	17
42	1	17
43	2	17
44	7	17
45	2	17
46	2	17
47	1	17
48	1	17
49	2	17
50	2	17
51	2	17
52	2	17
53	7	17
54	2	17
55	9	17
56	2	17
57	1	17
58	2	17
59	2	17
60	1	17
61	2	17
62	2	17
63	2	17
64	2	17
65	2	17
66	2	17
67	1	17
68	1	17
69	2	17
70	2	17
71	2	17
72	2	17
73	1	17
74	1	17
75	2	17
76	2	17
77	1	17
78	2	17
79	1	17
80	2	17
81	2	17
82	2	17
83	2	17
84	2	17
85	2	17
86	2	17
87	2	17
88	2	17
1	2	18
2	1	18
3	2	18
4	2	18
5	2	18
6	1	18
7	2	18
8	2	18
9	2	18
10	2	18
11	2	18
12	2	18
13	2	18
14	2	18
15	2	18
16	2	18
17	1	18
18	2	18
19	2	18
20	2	18
21	2	18
22	1	18
23	2	18
24	2	18
25	2	18
26	7	18
27	2	18
28	2	18
29	2	18
30	2	18
31	2	18
32	2	18
33	1	18
34	1	18
35	2	18
36	2	18
37	2	18
38	2	18
39	2	18
40	2	18
41	2	18
42	1	18
43	1	18
44	2	18
45	2	18
46	2	18
47	1	18
48	1	18
49	2	18
50	2	18
51	2	18
52	7	18
53	7	18
54	2	18
55	7	18
56	2	18
57	2	18
58	2	18
59	2	18
60	2	18
61	2	18
62	2	18
63	2	18
64	2	18
65	9	18
66	2	18
67	2	18
68	2	18
69	2	18
70	2	18
71	2	18
72	2	18
73	1	18
74	2	18
75	2	18
76	2	18
77	1	18
78	2	18
79	1	18
80	2	18
81	2	18
82	2	18
83	2	18
84	2	18
85	2	18
86	2	18
87	2	18
88	2	18
1	2	19
2	1	19
3	2	19
4	2	19
5	2	19
6	1	19
7	2	19
8	2	19
9	2	19
10	2	19
11	2	19
12	2	19
13	2	19
14	1	19
15	2	19
16	2	19
17	1	19
18	2	19
19	1	19
20	2	19
21	2	19
22	1	19
23	2	19
24	2	19
25	2	19
26	2	19
27	1	19
28	2	19
29	1	19
30	7	19
31	2	19
32	2	19
33	1	19
34	2	19
35	2	19
36	2	19
37	2	19
38	2	19
39	2	19
40	2	19
41	2	19
42	1	19
43	1	19
44	2	19
45	1	19
46	2	19
47	1	19
48	2	19
49	2	19
50	2	19
51	1	19
52	2	19
53	7	19
54	1	19
55	7	19
56	2	19
57	1	19
58	2	19
59	2	19
60	7	19
61	2	19
62	2	19
63	2	19
64	2	19
65	2	19
66	2	19
67	1	19
68	1	19
69	2	19
70	2	19
71	2	19
72	2	19
73	2	19
74	2	19
75	2	19
76	2	19
77	2	19
78	7	19
79	2	19
80	2	19
81	2	19
82	2	19
83	2	19
84	2	19
85	2	19
86	2	19
87	2	19
88	2	19
1	2	20
2	2	20
3	7	20
4	2	20
5	2	20
6	1	20
7	7	20
8	2	20
9	2	20
10	7	20
11	2	20
12	2	20
13	2	20
14	7	20
15	7	20
16	2	20
17	1	20
18	2	20
19	2	20
20	2	20
21	2	20
22	1	20
23	2	20
24	1	20
25	2	20
26	2	20
27	1	20
28	2	20
29	2	20
30	2	20
31	2	20
32	2	20
33	7	20
34	7	20
35	2	20
36	7	20
37	7	20
38	2	20
39	2	20
40	2	20
41	2	20
42	2	20
43	1	20
44	2	20
45	1	20
46	2	20
47	1	20
48	1	20
49	2	20
50	2	20
51	2	20
52	2	20
53	7	20
54	2	20
55	7	20
56	2	20
57	2	20
58	7	20
59	2	20
60	7	20
61	2	20
62	7	20
63	7	20
64	2	20
65	2	20
66	2	20
67	2	20
68	1	20
69	2	20
70	2	20
71	2	20
72	2	20
73	2	20
74	2	20
75	7	20
76	2	20
77	7	20
78	2	20
79	7	20
80	2	20
81	2	20
82	2	20
83	2	20
84	7	20
85	2	20
86	7	20
87	2	20
88	2	20
1	7	21
2	2	21
3	7	21
4	2	21
5	2	21
6	1	21
7	2	21
8	2	21
9	7	21
10	2	21
11	2	21
12	2	21
13	7	21
14	1	21
15	2	21
16	2	21
17	1	21
18	1	21
19	7	21
20	2	21
21	2	21
22	7	21
23	2	21
24	1	21
25	2	21
26	1	21
27	1	21
28	2	21
29	1	21
30	2	21
31	2	21
32	2	21
33	2	21
34	2	21
35	2	21
36	2	21
37	2	21
38	2	21
39	2	21
40	2	21
41	1	21
42	2	21
43	1	21
44	2	21
45	1	21
46	2	21
47	2	21
48	9	21
49	2	21
50	2	21
51	1	21
52	2	21
53	2	21
54	2	21
55	2	21
56	2	21
57	2	21
58	1	21
59	2	21
60	2	21
61	2	21
62	2	21
63	2	21
64	1	21
65	2	21
66	2	21
67	2	21
68	2	21
69	2	21
70	2	21
71	2	21
72	7	21
73	2	21
74	2	21
75	2	21
76	2	21
77	2	21
78	2	21
79	2	21
80	2	21
81	2	21
82	2	21
83	2	21
84	2	21
85	2	21
86	2	21
87	2	21
88	2	21
1	2	22
2	2	22
3	7	22
4	2	22
5	2	22
6	2	22
7	2	22
8	2	22
9	7	22
10	7	22
11	2	22
12	7	22
13	7	22
14	2	22
15	2	22
16	2	22
17	1	22
18	2	22
19	2	22
20	2	22
21	2	22
22	7	22
23	2	22
24	2	22
25	7	22
26	2	22
27	2	22
28	7	22
29	7	22
30	7	22
31	2	22
32	2	22
33	7	22
34	2	22
35	2	22
36	2	22
37	2	22
38	2	22
39	2	22
40	2	22
41	2	22
42	2	22
43	7	22
44	7	22
45	7	22
46	7	22
47	2	22
48	7	22
49	2	22
50	2	22
51	2	22
52	2	22
53	2	22
54	2	22
55	2	22
56	2	22
57	2	22
58	2	22
59	2	22
60	7	22
61	2	22
62	2	22
63	1	22
64	2	22
65	2	22
66	2	22
67	2	22
68	2	22
69	7	22
70	2	22
71	2	22
72	2	22
73	2	22
74	2	22
75	2	22
76	2	22
77	2	22
78	2	22
79	2	22
80	7	22
81	2	22
82	2	22
83	2	22
84	1	22
85	1	22
86	1	22
87	2	22
88	2	22
1	2	23
2	2	23
3	2	23
4	2	23
5	2	23
6	1	23
7	7	23
8	2	23
9	2	23
10	2	23
11	2	23
12	2	23
13	7	23
14	2	23
15	2	23
16	7	23
17	2	23
18	7	23
19	2	23
20	2	23
21	2	23
22	2	23
23	7	23
24	7	23
25	2	23
26	2	23
27	7	23
28	7	23
29	7	23
30	7	23
31	7	23
32	7	23
33	2	23
34	7	23
35	7	23
36	7	23
37	7	23
38	2	23
39	2	23
40	7	23
41	7	23
42	2	23
43	7	23
44	2	23
45	7	23
46	7	23
47	2	23
48	7	23
49	2	23
50	2	23
51	2	23
52	2	23
53	2	23
54	2	23
55	2	23
56	2	23
57	2	23
58	2	23
59	2	23
60	7	23
61	7	23
62	2	23
63	1	23
64	2	23
65	2	23
66	2	23
67	2	23
68	2	23
69	7	23
70	2	23
71	2	23
72	2	23
73	2	23
74	7	23
75	7	23
76	2	23
77	7	23
78	2	23
79	7	23
80	7	23
81	7	23
82	2	23
83	2	23
84	2	23
85	2	23
86	1	23
87	2	23
88	2	23
1	2	24
2	2	24
3	7	24
4	2	24
5	2	24
6	1	24
7	7	24
8	1	24
9	1	24
10	1	24
11	2	24
12	2	24
13	7	24
14	2	24
15	2	24
16	2	24
17	2	24
18	2	24
19	2	24
20	2	24
21	2	24
22	2	24
23	7	24
24	7	24
25	7	24
26	7	24
27	7	24
28	7	24
29	7	24
30	7	24
31	7	24
32	7	24
33	2	24
34	7	24
35	2	24
36	7	24
37	7	24
38	7	24
39	7	24
40	7	24
41	7	24
42	7	24
43	7	24
44	7	24
45	2	24
46	7	24
47	1	24
48	1	24
49	7	24
50	2	24
51	2	24
52	2	24
53	7	24
54	7	24
55	7	24
56	2	24
57	2	24
58	7	24
59	7	24
60	7	24
61	7	24
62	7	24
63	2	24
64	2	24
65	2	24
66	2	24
67	2	24
68	2	24
69	2	24
70	2	24
71	7	24
72	7	24
73	2	24
74	7	24
75	7	24
76	7	24
77	7	24
78	2	24
79	7	24
80	2	24
81	2	24
82	2	24
83	2	24
84	7	24
85	2	24
86	7	24
87	7	24
88	7	24
1	7	25
2	7	25
3	7	25
4	1	25
5	1	25
6	1	25
7	2	25
8	2	25
9	1	25
10	1	25
11	1	25
12	2	25
13	2	25
14	7	25
15	7	25
16	7	25
17	2	25
18	2	25
19	7	25
20	2	25
21	2	25
22	7	25
23	7	25
24	7	25
25	7	25
26	7	25
27	7	25
28	2	25
29	2	25
30	2	25
31	2	25
32	7	25
33	7	25
34	1	25
35	7	25
36	7	25
37	7	25
38	7	25
39	7	25
40	2	25
41	2	25
42	7	25
43	2	25
44	7	25
45	2	25
46	2	25
47	1	25
48	1	25
49	7	25
50	7	25
51	7	25
52	2	25
53	7	25
54	7	25
55	7	25
56	7	25
57	2	25
58	7	25
59	7	25
60	1	25
61	2	25
62	2	25
63	2	25
64	7	25
65	7	25
66	7	25
67	2	25
68	7	25
69	2	25
70	7	25
71	2	25
72	2	25
73	1	25
74	2	25
75	2	25
76	1	25
77	2	25
78	1	25
79	2	25
80	2	25
81	7	25
82	7	25
83	2	25
84	2	25
85	2	25
86	2	25
87	7	25
88	7	25
1	2	26
2	2	26
3	7	26
4	1	26
5	1	26
6	1	26
7	2	26
8	1	26
9	1	26
10	1	26
11	2	26
12	2	26
13	2	26
14	2	26
15	2	26
16	2	26
17	2	26
18	7	26
19	2	26
20	7	26
21	7	26
22	2	26
23	7	26
24	2	26
25	2	26
26	7	26
27	2	26
28	7	26
29	2	26
30	2	26
31	2	26
32	2	26
33	2	26
34	2	26
35	2	26
36	2	26
37	2	26
38	7	26
39	7	26
40	2	26
41	2	26
42	2	26
43	2	26
44	2	26
45	2	26
46	2	26
47	1	26
48	2	26
49	2	26
50	2	26
51	2	26
52	1	26
53	7	26
54	2	26
55	7	26
56	7	26
57	7	26
58	7	26
59	2	26
60	1	26
61	1	26
62	7	26
63	7	26
64	2	26
65	7	26
66	2	26
67	7	26
68	7	26
69	7	26
70	2	26
71	2	26
72	2	26
73	1	26
74	1	26
75	2	26
76	1	26
77	1	26
78	1	26
79	1	26
80	1	26
81	2	26
82	7	26
83	7	26
84	7	26
85	7	26
86	7	26
87	7	26
88	7	26
1	2	27
2	1	27
3	2	27
4	2	27
5	2	27
6	7	27
7	2	27
8	2	27
9	2	27
10	2	27
11	2	27
12	2	27
13	2	27
14	2	27
15	2	27
16	2	27
17	2	27
18	2	27
19	1	27
20	1	27
21	7	27
22	2	27
23	2	27
24	2	27
25	2	27
26	2	27
27	2	27
28	2	27
29	1	27
30	2	27
31	2	27
32	2	27
33	1	27
34	1	27
35	2	27
36	7	27
37	7	27
38	2	27
39	2	27
40	2	27
41	2	27
42	2	27
43	1	27
44	2	27
45	2	27
46	2	27
47	1	27
48	2	27
49	9	27
50	2	27
51	2	27
52	2	27
53	7	27
54	2	27
55	7	27
56	2	27
57	2	27
58	7	27
59	7	27
60	1	27
61	2	27
62	2	27
63	7	27
64	2	27
65	7	27
66	2	27
67	1	27
68	2	27
69	2	27
70	2	27
71	2	27
72	2	27
73	1	27
74	1	27
75	2	27
76	2	27
77	2	27
78	2	27
79	1	27
80	7	27
81	2	27
82	2	27
83	2	27
84	2	27
85	7	27
86	7	27
87	2	27
88	2	27
1	2	28
2	1	28
3	2	28
4	2	28
5	2	28
6	2	28
7	2	28
8	2	28
9	2	28
10	2	28
11	2	28
12	2	28
13	7	28
14	1	28
15	2	28
16	2	28
17	2	28
18	2	28
19	1	28
20	2	28
21	2	28
22	2	28
23	2	28
24	2	28
25	1	28
26	2	28
27	2	28
28	7	28
29	2	28
30	2	28
31	1	28
32	2	28
33	2	28
34	2	28
35	2	28
36	2	28
37	1	28
38	1	28
39	2	28
40	7	28
41	7	28
42	2	28
43	2	28
44	2	28
45	2	28
46	2	28
47	2	28
48	2	28
49	1	28
50	2	28
51	1	28
52	2	28
53	2	28
54	2	28
55	2	28
56	2	28
57	1	28
58	1	28
59	2	28
60	7	28
61	2	28
62	7	28
63	7	28
64	1	28
65	2	28
66	2	28
67	1	28
68	1	28
69	2	28
70	2	28
71	2	28
72	2	28
73	2	28
74	7	28
75	7	28
76	2	28
77	2	28
78	2	28
79	7	28
80	2	28
81	2	28
82	2	28
83	2	28
84	7	28
85	2	28
86	7	28
87	2	28
88	2	28
1	2	29
2	2	29
3	2	29
4	2	29
5	2	29
6	2	29
7	7	29
8	2	29
9	2	29
10	2	29
11	2	29
12	2	29
13	2	29
14	2	29
15	2	29
16	2	29
17	2	29
18	2	29
19	2	29
20	2	29
21	2	29
22	2	29
23	7	29
24	7	29
25	2	29
26	2	29
27	7	29
28	7	29
29	2	29
30	7	29
31	1	29
32	2	29
33	2	29
34	2	29
35	2	29
36	2	29
37	1	29
38	2	29
39	2	29
40	2	29
41	2	29
42	2	29
43	7	29
44	7	29
45	7	29
46	7	29
47	1	29
48	9	29
49	1	29
50	2	29
51	2	29
52	7	29
53	2	29
54	2	29
55	2	29
56	2	29
57	2	29
58	2	29
59	2	29
60	7	29
61	7	29
62	7	29
63	7	29
64	2	29
65	2	29
66	2	29
67	7	29
68	2	29
69	9	29
70	2	29
71	2	29
72	2	29
73	2	29
74	2	29
75	7	29
76	2	29
77	2	29
78	2	29
79	7	29
80	9	29
81	2	29
82	2	29
83	2	29
84	7	29
85	9	29
86	7	29
87	7	29
88	7	29
1	2	30
2	2	30
3	2	30
4	2	30
5	2	30
6	1	30
7	7	30
8	1	30
9	1	30
10	1	30
11	2	30
12	2	30
13	2	30
14	2	30
15	2	30
16	2	30
17	2	30
18	2	30
19	2	30
20	7	30
21	2	30
22	7	30
23	7	30
24	7	30
25	7	30
26	7	30
27	7	30
28	7	30
29	7	30
30	7	30
31	2	30
32	7	30
33	2	30
34	7	30
35	2	30
36	2	30
37	2	30
38	7	30
39	7	30
40	9	30
41	9	30
42	2	30
43	7	30
44	7	30
45	7	30
46	7	30
47	1	30
48	2	30
49	2	30
50	2	30
51	2	30
52	2	30
53	2	30
54	2	30
55	2	30
56	2	30
57	2	30
58	2	30
59	7	30
60	7	30
61	7	30
62	2	30
63	7	30
64	2	30
65	2	30
66	2	30
67	2	30
68	7	30
69	9	30
70	7	30
71	7	30
72	2	30
73	7	30
74	7	30
75	7	30
76	2	30
77	2	30
78	2	30
79	7	30
80	2	30
81	2	30
82	2	30
83	2	30
84	2	30
85	2	30
86	7	30
87	7	30
88	7	30
1	7	31
2	7	31
3	2	31
4	2	31
5	2	31
6	2	31
7	2	31
8	1	31
9	2	31
10	1	31
11	2	31
12	2	31
13	2	31
14	7	31
15	7	31
16	7	31
17	2	31
18	2	31
19	2	31
20	2	31
21	2	31
22	7	31
23	2	31
24	2	31
25	7	31
26	7	31
27	2	31
28	2	31
29	2	31
30	1	31
31	7	31
32	7	31
33	7	31
34	2	31
35	7	31
36	7	31
37	7	31
38	2	31
39	2	31
40	2	31
41	2	31
42	7	31
43	2	31
44	2	31
45	2	31
46	2	31
47	1	31
48	2	31
49	7	31
50	7	31
51	7	31
52	2	31
53	7	31
54	2	31
55	7	31
56	7	31
57	7	31
58	7	31
59	7	31
60	1	31
61	2	31
62	7	31
63	7	31
64	7	31
65	7	31
66	7	31
67	2	31
68	2	31
69	2	31
70	7	31
71	7	31
72	7	31
73	1	31
74	1	31
75	2	31
76	2	31
77	1	31
78	2	31
79	1	31
80	2	31
81	2	31
82	7	31
83	7	31
84	7	31
85	7	31
86	7	31
87	2	31
88	2	31
1	2	32
2	1	32
3	2	32
4	2	32
5	2	32
6	1	32
7	2	32
8	2	32
9	2	32
10	1	32
11	2	32
12	2	32
13	2	32
14	2	32
15	2	32
16	2	32
17	2	32
18	2	32
19	1	32
20	2	32
21	2	32
22	7	32
23	2	32
24	1	32
25	2	32
26	7	32
27	1	32
28	2	32
29	1	32
30	2	32
31	1	32
32	1	32
33	1	32
34	1	32
35	2	32
36	2	32
37	2	32
38	2	32
39	7	32
40	2	32
41	7	32
42	1	32
43	1	32
44	2	32
45	1	32
46	2	32
47	1	32
48	2	32
49	7	32
50	2	32
51	2	32
52	2	32
53	2	32
54	2	32
55	9	32
56	2	32
57	2	32
58	2	32
59	2	32
60	1	32
61	2	32
62	2	32
63	2	32
64	2	32
65	2	32
66	2	32
67	2	32
68	2	32
69	2	32
70	2	32
71	2	32
72	2	32
73	1	32
74	1	32
75	2	32
76	2	32
77	1	32
78	2	32
79	1	32
80	2	32
81	2	32
82	2	32
83	2	32
84	7	32
85	7	32
86	2	32
87	2	32
88	2	32
1	2	33
2	2	33
3	2	33
4	2	33
5	2	33
6	2	33
7	2	33
8	2	33
9	2	33
10	2	33
11	2	33
12	2	33
13	2	33
14	2	33
15	1	33
16	2	33
17	2	33
18	2	33
19	1	33
20	2	33
21	7	33
22	2	33
23	2	33
24	2	33
25	1	33
26	2	33
27	1	33
28	2	33
29	1	33
30	2	33
31	1	33
32	2	33
33	1	33
34	7	33
35	2	33
36	2	33
37	2	33
38	2	33
39	2	33
40	2	33
41	2	33
42	2	33
43	1	33
44	2	33
45	2	33
46	2	33
47	1	33
48	2	33
49	2	33
50	2	33
51	1	33
52	2	33
53	2	33
54	1	33
55	9	33
56	2	33
57	2	33
58	2	33
59	2	33
60	1	33
61	2	33
62	2	33
63	2	33
64	2	33
65	2	33
66	2	33
67	2	33
68	1	33
69	2	33
70	2	33
71	2	33
72	2	33
73	7	33
74	2	33
75	7	33
76	1	33
77	1	33
78	2	33
79	7	33
80	2	33
81	2	33
82	2	33
83	2	33
84	2	33
85	2	33
86	2	33
87	2	33
88	7	33
1	2	34
2	2	34
3	7	34
4	2	34
5	2	34
6	1	34
7	7	34
8	2	34
9	1	34
10	2	34
11	2	34
12	2	34
13	2	34
14	7	34
15	7	34
16	2	34
17	2	34
18	2	34
19	2	34
20	2	34
21	7	34
22	1	34
23	2	34
24	1	34
25	1	34
26	2	34
27	2	34
28	2	34
29	1	34
30	2	34
31	1	34
32	2	34
33	2	34
34	2	34
35	2	34
36	7	34
37	7	34
38	2	34
39	2	34
40	2	34
41	2	34
42	2	34
43	1	34
44	2	34
45	2	34
46	2	34
47	1	34
48	2	34
49	7	34
50	7	34
51	7	34
52	2	34
53	7	34
54	2	34
55	7	34
56	2	34
57	2	34
58	2	34
59	2	34
60	2	34
61	2	34
62	2	34
63	2	34
64	2	34
65	2	34
66	2	34
67	2	34
68	1	34
69	2	34
70	2	34
71	2	34
72	2	34
73	2	34
74	2	34
75	2	34
76	2	34
77	2	34
78	2	34
79	2	34
80	2	34
81	2	34
82	2	34
83	2	34
84	7	34
85	7	34
86	2	34
87	2	34
88	2	34
1	2	35
2	2	35
3	9	35
4	2	35
5	2	35
6	2	35
7	2	35
8	1	35
9	1	35
10	1	35
11	2	35
12	2	35
13	2	35
14	2	35
15	2	35
16	2	35
17	2	35
18	2	35
19	2	35
20	2	35
21	7	35
22	2	35
23	7	35
24	2	35
25	2	35
26	7	35
27	9	35
28	9	35
29	2	35
30	2	35
31	1	35
32	2	35
33	2	35
34	2	35
35	2	35
36	2	35
37	2	35
38	7	35
39	7	35
40	7	35
41	2	35
42	2	35
43	2	35
44	2	35
45	2	35
46	2	35
47	1	35
48	2	35
49	2	35
50	2	35
51	2	35
52	2	35
53	7	35
54	2	35
55	9	35
56	2	35
57	1	35
58	2	35
59	2	35
60	2	35
61	2	35
62	2	35
63	2	35
64	2	35
65	2	35
66	2	35
67	1	35
68	1	35
69	9	35
70	2	35
71	2	35
72	2	35
73	2	35
74	2	35
75	2	35
76	2	35
77	1	35
78	2	35
79	2	35
80	2	35
81	2	35
82	2	35
83	2	35
84	2	35
85	2	35
86	2	35
87	9	35
88	2	35
1	2	36
2	2	36
3	2	36
4	2	36
5	2	36
6	1	36
7	2	36
8	2	36
9	2	36
10	1	36
11	2	36
12	2	36
13	2	36
14	9	36
15	9	36
16	2	36
17	2	36
18	2	36
19	2	36
20	2	36
21	2	36
22	2	36
23	2	36
24	9	36
25	2	36
26	9	36
27	2	36
28	2	36
29	2	36
30	7	36
31	9	36
32	9	36
33	2	36
34	2	36
35	2	36
36	7	36
37	9	36
38	9	36
39	9	36
40	2	36
41	1	36
42	2	36
43	2	36
44	9	36
45	1	36
46	2	36
47	1	36
48	2	36
49	2	36
50	9	36
51	2	36
52	2	36
53	9	36
54	9	36
55	9	36
56	2	36
57	2	36
58	9	36
59	9	36
60	2	36
61	2	36
62	7	36
63	7	36
64	7	36
65	9	36
66	7	36
67	2	36
68	2	36
69	2	36
70	2	36
71	2	36
72	9	36
73	7	36
74	2	36
75	2	36
76	2	36
77	2	36
78	7	36
79	2	36
80	2	36
81	2	36
82	7	36
83	2	36
84	7	36
85	2	36
86	7	36
87	2	36
88	2	36
1	1	37
2	1	37
3	2	37
4	2	37
5	2	37
6	2	37
7	1	37
8	2	37
9	2	37
10	1	37
11	2	37
12	2	37
13	2	37
14	1	37
15	2	37
16	2	37
17	2	37
18	2	37
19	2	37
20	2	37
21	2	37
22	2	37
23	2	37
24	1	37
25	2	37
26	2	37
27	1	37
28	2	37
29	1	37
30	1	37
31	2	37
32	2	37
33	1	37
34	1	37
35	2	37
36	2	37
37	1	37
38	2	37
39	2	37
40	2	37
41	1	37
42	1	37
43	1	37
44	2	37
45	1	37
46	1	37
47	1	37
48	7	37
49	2	37
50	2	37
51	1	37
52	2	37
53	2	37
54	2	37
55	9	37
56	9	37
57	9	37
58	9	37
59	2	37
60	9	37
61	1	37
62	2	37
63	2	37
64	2	37
65	9	37
66	2	37
67	2	37
68	7	37
69	2	37
70	1	37
71	1	37
72	1	37
73	1	37
74	2	37
75	1	37
76	2	37
77	2	37
78	2	37
79	1	37
80	2	37
81	2	37
82	2	37
83	9	37
84	2	37
85	2	37
86	2	37
87	2	37
88	1	37
1	2	38
2	2	38
3	7	38
4	1	38
5	2	38
6	1	38
7	2	38
8	1	38
9	2	38
10	1	38
11	2	38
12	2	38
13	2	38
14	1	38
15	1	38
16	2	38
17	2	38
18	2	38
19	2	38
20	2	38
21	2	38
22	1	38
23	2	38
24	1	38
25	1	38
26	1	38
27	1	38
28	2	38
29	1	38
30	2	38
31	1	38
32	2	38
33	2	38
34	1	38
35	2	38
36	2	38
37	1	38
38	1	38
39	1	38
40	2	38
41	2	38
42	2	38
43	1	38
44	2	38
45	1	38
46	2	38
47	1	38
48	2	38
49	1	38
50	2	38
51	1	38
52	2	38
53	2	38
54	1	38
55	2	38
56	2	38
57	1	38
58	1	38
59	2	38
60	2	38
61	2	38
62	2	38
63	2	38
64	1	38
65	2	38
66	2	38
67	1	38
68	2	38
69	2	38
70	1	38
71	2	38
72	1	38
73	2	38
74	1	38
75	2	38
76	2	38
77	1	38
78	2	38
79	1	38
80	2	38
81	2	38
82	2	38
83	2	38
84	2	38
85	2	38
86	2	38
87	2	38
88	2	38
1	7	39
2	7	39
3	2	39
4	2	39
5	2	39
6	2	39
7	7	39
8	2	39
9	2	39
10	2	39
11	2	39
12	2	39
13	2	39
14	1	39
15	1	39
16	2	39
17	2	39
18	2	39
19	2	39
20	2	39
21	7	39
22	2	39
23	2	39
24	7	39
25	2	39
26	2	39
27	2	39
28	2	39
29	2	39
30	2	39
31	2	39
32	2	39
33	2	39
34	7	39
35	2	39
36	2	39
37	1	39
38	1	39
39	1	39
40	1	39
41	2	39
42	7	39
43	2	39
44	2	39
45	1	39
46	2	39
47	1	39
48	7	39
49	1	39
50	2	39
51	1	39
52	2	39
53	2	39
54	1	39
55	2	39
56	2	39
57	2	39
58	1	39
59	2	39
60	7	39
61	7	39
62	7	39
63	7	39
64	1	39
65	2	39
66	2	39
67	2	39
68	2	39
69	2	39
70	7	39
71	7	39
72	7	39
73	2	39
74	2	39
75	2	39
76	2	39
77	2	39
78	2	39
79	2	39
80	7	39
81	2	39
82	2	39
83	2	39
84	7	39
85	7	39
86	7	39
87	2	39
88	7	39
1	2	40
2	7	40
3	2	40
4	2	40
5	2	40
6	2	40
7	2	40
8	2	40
9	2	40
10	2	40
11	2	40
12	2	40
13	2	40
14	7	40
15	7	40
16	7	40
17	7	40
18	7	40
19	7	40
20	2	40
21	2	40
22	7	40
23	7	40
24	2	40
25	2	40
26	2	40
27	7	40
28	2	40
29	2	40
30	2	40
31	7	40
32	7	40
33	2	40
34	2	40
35	7	40
36	2	40
37	2	40
38	2	40
39	2	40
40	7	40
41	7	40
42	2	40
43	2	40
44	2	40
45	1	40
46	2	40
47	1	40
48	2	40
49	2	40
50	7	40
51	7	40
52	7	40
53	2	40
54	7	40
55	2	40
56	2	40
57	2	40
58	2	40
59	2	40
60	2	40
61	7	40
62	7	40
63	2	40
64	7	40
65	2	40
66	2	40
67	2	40
68	2	40
69	2	40
70	2	40
71	2	40
72	2	40
73	2	40
74	2	40
75	2	40
76	7	40
77	7	40
78	7	40
79	2	40
80	7	40
81	7	40
82	7	40
83	7	40
84	7	40
85	9	40
86	7	40
87	2	40
88	2	40
1	2	41
2	2	41
3	1	41
4	2	41
5	2	41
6	2	41
7	7	41
8	2	41
9	2	41
10	2	41
11	2	41
12	2	41
13	2	41
14	7	41
15	7	41
16	7	41
17	2	41
18	2	41
19	2	41
20	7	41
21	2	41
22	2	41
23	7	41
24	2	41
25	7	41
26	7	41
27	7	41
28	7	41
29	1	41
30	2	41
31	7	41
32	7	41
33	7	41
34	2	41
35	2	41
36	2	41
37	2	41
38	7	41
39	7	41
40	2	41
41	2	41
42	7	41
43	2	41
44	7	41
45	2	41
46	7	41
47	1	41
48	1	41
49	2	41
50	2	41
51	2	41
52	2	41
53	7	41
54	2	41
55	2	41
56	2	41
57	2	41
58	7	41
59	7	41
60	1	41
61	2	41
62	2	41
63	7	41
64	2	41
65	7	41
66	7	41
67	2	41
68	2	41
69	2	41
70	7	41
71	7	41
72	7	41
73	1	41
74	2	41
75	2	41
76	2	41
77	2	41
78	2	41
79	2	41
80	7	41
81	7	41
82	2	41
83	2	41
84	7	41
85	2	41
86	2	41
87	7	41
88	7	41
1	2	42
2	2	42
3	2	42
4	2	42
5	2	42
6	2	42
7	2	42
8	2	42
9	2	42
10	2	42
11	2	42
12	2	42
13	2	42
14	7	42
15	2	42
16	7	42
17	2	42
18	2	42
19	7	42
20	2	42
21	2	42
22	1	42
23	2	42
24	2	42
25	1	42
26	2	42
27	2	42
28	2	42
29	1	42
30	2	42
31	7	42
32	7	42
33	2	42
34	2	42
35	2	42
36	7	42
37	7	42
38	2	42
39	2	42
40	2	42
41	2	42
42	2	42
43	1	42
44	1	42
45	1	42
46	2	42
47	1	42
48	2	42
49	7	42
50	7	42
51	7	42
52	2	42
53	7	42
54	7	42
55	7	42
56	7	42
57	7	42
58	7	42
59	7	42
60	1	42
61	2	42
62	2	42
63	2	42
64	7	42
65	7	42
66	7	42
67	2	42
68	2	42
69	2	42
70	7	42
71	2	42
72	7	42
73	1	42
74	2	42
75	2	42
76	2	42
77	2	42
78	2	42
79	1	42
80	2	42
81	7	42
82	7	42
83	7	42
84	7	42
85	2	42
86	7	42
87	7	42
88	7	42
1	2	43
2	2	43
3	2	43
4	2	43
5	2	43
6	1	43
7	2	43
8	2	43
9	2	43
10	2	43
11	2	43
12	2	43
13	2	43
14	2	43
15	2	43
16	2	43
17	2	43
18	2	43
19	1	43
20	2	43
21	2	43
22	7	43
23	2	43
24	1	43
25	1	43
26	2	43
27	1	43
28	2	43
29	1	43
30	2	43
31	2	43
32	2	43
33	2	43
34	1	43
35	2	43
36	2	43
37	2	43
38	2	43
39	2	43
40	2	43
41	1	43
42	2	43
43	2	43
44	2	43
45	1	43
46	2	43
47	1	43
48	7	43
49	2	43
50	2	43
51	2	43
52	2	43
53	9	43
54	2	43
55	9	43
56	2	43
57	1	43
58	2	43
59	2	43
60	2	43
61	2	43
62	7	43
63	7	43
64	2	43
65	2	43
66	2	43
67	1	43
68	1	43
69	2	43
70	2	43
71	2	43
72	2	43
73	2	43
74	2	43
75	2	43
76	2	43
77	2	43
78	2	43
79	2	43
80	7	43
81	2	43
82	2	43
83	2	43
84	7	43
85	7	43
86	7	43
87	2	43
88	2	43
1	2	44
2	2	44
3	2	44
4	2	44
5	2	44
6	2	44
7	2	44
8	2	44
9	2	44
10	2	44
11	7	44
12	2	44
13	2	44
14	1	44
15	1	44
16	2	44
17	2	44
18	2	44
19	2	44
20	2	44
21	2	44
22	7	44
23	2	44
24	7	44
25	1	44
26	1	44
27	7	44
28	2	44
29	7	44
30	2	44
31	1	44
32	2	44
33	1	44
34	1	44
35	2	44
36	2	44
37	1	44
38	2	44
39	2	44
40	2	44
41	2	44
42	1	44
43	7	44
44	7	44
45	2	44
46	2	44
47	2	44
48	7	44
49	1	44
50	2	44
51	1	44
52	7	44
53	2	44
54	1	44
55	2	44
56	2	44
57	2	44
58	1	44
59	2	44
60	2	44
61	2	44
62	7	44
63	7	44
64	1	44
65	2	44
66	2	44
67	2	44
68	1	44
69	2	44
70	2	44
71	2	44
72	2	44
73	2	44
74	2	44
75	2	44
76	2	44
77	2	44
78	2	44
79	2	44
80	2	44
81	2	44
82	2	44
83	2	44
84	2	44
85	2	44
86	2	44
87	2	44
88	2	44
1	2	45
2	2	45
3	1	45
4	2	45
5	2	45
6	2	45
7	7	45
8	7	45
9	7	45
10	7	45
11	2	45
12	9	45
13	9	45
14	1	45
15	2	45
16	2	45
17	2	45
18	2	45
19	2	45
20	7	45
21	2	45
22	2	45
23	7	45
24	7	45
25	2	45
26	7	45
27	2	45
28	7	45
29	7	45
30	7	45
31	2	45
32	2	45
33	2	45
34	7	45
35	2	45
36	2	45
37	1	45
38	2	45
39	2	45
40	7	45
41	2	45
42	2	45
43	7	45
44	7	45
45	2	45
46	9	45
47	2	45
48	9	45
49	1	45
50	2	45
51	2	45
52	7	45
53	7	45
54	2	45
55	2	45
56	2	45
57	2	45
58	7	45
59	7	45
60	7	45
61	2	45
62	2	45
63	1	45
64	2	45
65	2	45
66	2	45
67	2	45
68	2	45
69	2	45
70	2	45
71	2	45
72	2	45
73	2	45
74	7	45
75	7	45
76	2	45
77	2	45
78	2	45
79	2	45
80	7	45
81	2	45
82	2	45
83	2	45
84	1	45
85	1	45
86	1	45
87	2	45
88	7	45
1	2	46
2	2	46
3	9	46
4	7	46
5	7	46
6	7	46
7	7	46
8	2	46
9	2	46
10	2	46
11	2	46
12	2	46
13	9	46
14	7	46
15	2	46
16	2	46
17	7	46
18	2	46
19	2	46
20	7	46
21	2	46
22	1	46
23	7	46
24	7	46
25	2	46
26	7	46
27	9	46
28	9	46
29	9	46
30	9	46
31	7	46
32	7	46
33	7	46
34	7	46
35	2	46
36	7	46
37	7	46
38	7	46
39	7	46
40	9	46
41	9	46
42	7	46
43	9	46
44	7	46
45	9	46
46	9	46
47	7	46
48	2	46
49	7	46
50	7	46
51	2	46
52	7	46
53	7	46
54	7	46
55	7	46
56	2	46
57	2	46
58	7	46
59	7	46
60	7	46
61	7	46
62	2	46
63	1	46
64	7	46
65	7	46
66	7	46
67	2	46
68	2	46
69	9	46
70	2	46
71	7	46
72	7	46
73	7	46
74	7	46
75	7	46
76	2	46
77	2	46
78	9	46
79	7	46
80	9	46
81	2	46
82	2	46
83	2	46
84	1	46
85	2	46
86	1	46
87	9	46
88	9	46
1	7	47
2	2	47
3	9	47
4	7	47
5	7	47
6	7	47
7	7	47
8	2	47
9	7	47
10	2	47
11	2	47
12	2	47
13	2	47
14	2	47
15	2	47
16	2	47
17	2	47
18	2	47
19	7	47
20	2	47
21	2	47
22	1	47
23	2	47
24	2	47
25	2	47
26	9	47
27	1	47
28	2	47
29	1	47
30	2	47
31	2	47
32	2	47
33	2	47
34	7	47
35	2	47
36	2	47
37	2	47
38	2	47
39	2	47
40	2	47
41	2	47
42	7	47
43	1	47
44	2	47
45	2	47
46	2	47
47	7	47
48	2	47
49	2	47
50	2	47
51	2	47
52	9	47
53	9	47
54	2	47
55	9	47
56	7	47
57	2	47
58	9	47
59	2	47
60	7	47
61	2	47
62	2	47
63	1	47
64	7	47
65	2	47
66	7	47
67	7	47
68	2	47
69	2	47
70	2	47
71	7	47
72	2	47
73	7	47
74	7	47
75	7	47
76	2	47
77	2	47
78	7	47
79	7	47
80	2	47
81	2	47
82	7	47
83	7	47
84	2	47
85	2	47
86	1	47
87	2	47
88	2	47
1	2	48
2	2	48
3	2	48
4	7	48
5	7	48
6	7	48
7	2	48
8	2	48
9	2	48
10	1	48
11	2	48
12	2	48
13	2	48
14	2	48
15	9	48
16	2	48
17	2	48
18	2	48
19	2	48
20	2	48
21	2	48
22	2	48
23	2	48
24	1	48
25	2	48
26	9	48
27	1	48
28	2	48
29	1	48
30	2	48
31	2	48
32	2	48
33	2	48
34	2	48
35	2	48
36	2	48
37	9	48
38	2	48
39	2	48
40	1	48
41	1	48
42	2	48
43	1	48
44	2	48
45	1	48
46	2	48
47	2	48
48	1	48
49	2	48
50	2	48
51	2	48
52	9	48
53	9	48
54	2	48
55	9	48
56	2	48
57	2	48
58	2	48
59	9	48
60	9	48
61	2	48
62	2	48
63	1	48
64	2	48
65	9	48
66	2	48
67	2	48
68	2	48
69	2	48
70	2	48
71	2	48
72	2	48
73	7	48
74	7	48
75	7	48
76	9	48
77	7	48
78	9	48
79	2	48
80	2	48
81	2	48
82	2	48
83	2	48
84	2	48
85	2	48
86	1	48
87	2	48
88	2	48
1	7	49
2	2	49
3	2	49
4	2	49
5	2	49
6	1	49
7	7	49
8	1	49
9	1	49
10	1	49
11	1	49
12	2	49
13	9	49
14	2	49
15	2	49
16	2	49
17	2	49
18	2	49
19	2	49
20	2	49
21	2	49
22	2	49
23	9	49
24	2	49
25	2	49
26	2	49
27	9	49
28	2	49
29	2	49
30	2	49
31	2	49
32	2	49
33	7	49
34	7	49
35	2	49
36	2	49
37	1	49
38	2	49
39	2	49
40	2	49
41	2	49
42	7	49
43	2	49
44	2	49
45	2	49
46	2	49
47	1	49
48	1	49
49	1	49
50	2	49
51	1	49
52	9	49
53	9	49
54	1	49
55	9	49
56	2	49
57	1	49
58	2	49
59	2	49
60	2	49
61	2	49
62	2	49
63	2	49
64	1	49
65	2	49
66	2	49
67	2	49
68	1	49
69	2	49
70	2	49
71	7	49
72	2	49
73	2	49
74	7	49
75	7	49
76	2	49
77	7	49
78	2	49
79	7	49
80	2	49
81	2	49
82	2	49
83	2	49
84	2	49
85	2	49
86	1	49
87	9	49
88	9	49
1	7	51
2	7	51
3	9	51
4	2	51
5	2	51
6	2	51
7	1	51
8	1	51
9	2	51
10	1	51
11	2	51
12	2	51
13	2	51
14	7	51
15	7	51
16	9	51
17	2	51
18	2	51
19	7	51
20	2	51
21	2	51
22	2	51
23	2	51
24	1	51
25	2	51
26	9	51
27	1	51
28	2	51
29	1	51
30	1	51
31	9	51
32	9	51
33	2	51
34	1	51
35	9	51
36	7	51
37	7	51
38	2	51
39	2	51
40	2	51
41	2	51
42	2	51
43	1	51
44	2	51
45	1	51
46	2	51
47	1	51
48	2	51
49	7	51
50	7	51
51	7	51
52	2	51
53	9	51
54	7	51
55	9	51
56	7	51
57	7	51
58	9	51
59	9	51
60	1	51
61	1	51
62	2	51
63	2	51
64	9	51
65	9	51
66	7	51
67	7	51
68	7	51
69	2	51
70	9	51
71	2	51
72	2	51
73	1	51
74	1	51
75	1	51
76	2	51
77	1	51
78	2	51
79	1	51
80	2	51
81	9	51
82	7	51
83	7	51
84	2	51
85	2	51
86	2	51
87	2	51
88	2	51
1	2	52
2	1	52
3	2	52
4	2	52
5	2	52
6	1	52
7	2	52
8	1	52
9	2	52
10	1	52
11	2	52
12	2	52
13	2	52
14	2	52
15	7	52
16	9	52
17	2	52
18	2	52
19	1	52
20	2	52
21	2	52
22	2	52
23	2	52
24	1	52
25	1	52
26	2	52
27	2	52
28	2	52
29	1	52
30	2	52
31	1	52
32	2	52
33	1	52
34	1	52
35	2	52
36	7	52
37	7	52
38	9	52
39	9	52
40	2	52
41	2	52
42	2	52
43	1	52
44	2	52
45	2	52
46	2	52
47	1	52
48	2	52
49	7	52
50	2	52
51	2	52
52	2	52
53	9	52
54	2	52
55	9	52
56	2	52
57	1	52
58	9	52
59	2	52
60	1	52
61	2	52
62	2	52
63	2	52
64	2	52
65	9	52
66	7	52
67	2	52
68	1	52
69	2	52
70	2	52
71	2	52
72	2	52
73	1	52
74	1	52
75	2	52
76	2	52
77	1	52
78	2	52
79	1	52
80	2	52
81	9	52
82	2	52
83	2	52
84	2	52
85	2	52
86	2	52
87	2	52
88	9	52
1	2	53
2	1	53
3	9	53
4	2	53
5	2	53
6	1	53
7	2	53
8	2	53
9	7	53
10	7	53
11	2	53
12	2	53
13	2	53
14	2	53
15	2	53
16	2	53
17	2	53
18	2	53
19	2	53
20	2	53
21	2	53
22	2	53
23	2	53
24	1	53
25	1	53
26	2	53
27	1	53
28	2	53
29	2	53
30	2	53
31	1	53
32	2	53
33	2	53
34	2	53
35	2	53
36	2	53
37	2	53
38	2	53
39	2	53
40	2	53
41	1	53
42	2	53
43	1	53
44	2	53
45	1	53
46	2	53
47	1	53
48	2	53
49	2	53
50	2	53
51	2	53
52	2	53
53	9	53
54	2	53
55	9	53
56	2	53
57	1	53
58	2	53
59	2	53
60	1	53
61	2	53
62	2	53
63	2	53
64	2	53
65	2	53
66	2	53
67	1	53
68	2	53
69	2	53
70	2	53
71	2	53
72	2	53
73	1	53
74	2	53
75	2	53
76	2	53
77	1	53
78	2	53
79	1	53
80	2	53
81	2	53
82	2	53
83	2	53
84	2	53
85	2	53
86	2	53
87	2	53
88	2	53
1	2	54
2	2	54
3	2	54
4	2	54
5	2	54
6	1	54
7	2	54
8	2	54
9	2	54
10	2	54
11	2	54
12	2	54
13	2	54
14	1	54
15	1	54
16	2	54
17	2	54
18	2	54
19	2	54
20	2	54
21	7	54
22	2	54
23	2	54
24	1	54
25	1	54
26	1	54
27	1	54
28	2	54
29	1	54
30	2	54
31	1	54
32	2	54
33	1	54
34	1	54
35	2	54
36	2	54
37	1	54
38	2	54
39	2	54
40	2	54
41	2	54
42	2	54
43	1	54
44	2	54
45	1	54
46	2	54
47	1	54
48	2	54
49	2	54
50	2	54
51	1	54
52	2	54
53	2	54
54	1	54
55	2	54
56	2	54
57	1	54
58	2	54
59	2	54
60	1	54
61	2	54
62	2	54
63	2	54
64	1	54
65	2	54
66	2	54
67	2	54
68	2	54
69	2	54
70	2	54
71	2	54
72	2	54
73	2	54
74	2	54
75	2	54
76	2	54
77	1	54
78	2	54
79	2	54
80	2	54
81	2	54
82	2	54
83	2	54
84	7	54
85	9	54
86	2	54
87	2	54
88	2	54
1	2	55
2	2	55
3	1	55
4	2	55
5	2	55
6	2	55
7	2	55
8	2	55
9	1	55
10	1	55
11	2	55
12	2	55
13	2	55
14	2	55
15	2	55
16	2	55
17	2	55
18	2	55
19	2	55
20	2	55
21	7	55
22	7	55
23	2	55
24	2	55
25	2	55
26	2	55
27	2	55
28	2	55
29	2	55
30	2	55
31	2	55
32	2	55
33	1	55
34	2	55
35	2	55
36	7	55
37	7	55
38	2	55
39	2	55
40	2	55
41	2	55
42	2	55
43	2	55
44	2	55
45	1	55
46	2	55
47	1	55
48	2	55
49	2	55
50	2	55
51	2	55
52	2	55
53	7	55
54	2	55
55	2	55
56	2	55
57	2	55
58	2	55
59	2	55
60	2	55
61	2	55
62	7	55
63	7	55
64	2	55
65	2	55
66	7	55
67	2	55
68	2	55
69	2	55
70	2	55
71	2	55
72	2	55
73	1	55
74	2	55
75	2	55
76	2	55
77	2	55
78	2	55
79	2	55
80	2	55
81	2	55
82	2	55
83	2	55
84	7	55
85	7	55
86	7	55
87	2	55
88	2	55
1	7	56
2	7	56
3	2	56
4	2	56
5	2	56
6	1	56
7	2	56
8	1	56
9	2	56
10	1	56
11	7	56
12	2	56
13	2	56
14	2	56
15	2	56
16	2	56
17	2	56
18	2	56
19	7	56
20	2	56
21	7	56
22	2	56
23	2	56
24	2	56
25	2	56
26	2	56
27	7	56
28	2	56
29	2	56
30	2	56
31	2	56
32	2	56
33	2	56
34	2	56
35	2	56
36	7	56
37	2	56
38	2	56
39	2	56
40	9	56
41	2	56
42	2	56
43	2	56
44	2	56
45	2	56
46	2	56
47	1	56
48	2	56
49	7	56
50	2	56
51	2	56
52	2	56
53	2	56
54	2	56
55	9	56
56	2	56
57	2	56
58	2	56
59	2	56
60	9	56
61	2	56
62	7	56
63	7	56
64	2	56
65	2	56
66	2	56
67	2	56
68	2	56
69	2	56
70	7	56
71	7	56
72	2	56
73	1	56
74	2	56
75	2	56
76	2	56
77	2	56
78	2	56
79	2	56
80	2	56
81	2	56
82	2	56
83	2	56
84	2	56
85	2	56
86	7	56
87	2	56
88	2	56
1	2	57
2	7	57
3	2	57
4	2	57
5	2	57
6	2	57
7	7	57
8	2	57
9	2	57
10	2	57
11	7	57
12	2	57
13	2	57
14	2	57
15	2	57
16	2	57
17	2	57
18	2	57
19	7	57
20	2	57
21	2	57
22	9	57
23	7	57
24	2	57
25	2	57
26	7	57
27	7	57
28	2	57
29	2	57
30	2	57
31	2	57
32	2	57
33	2	57
34	2	57
35	2	57
36	2	57
37	2	57
38	2	57
39	7	57
40	9	57
41	9	57
42	2	57
43	2	57
44	2	57
45	2	57
46	2	57
47	1	57
48	9	57
49	2	57
50	2	57
51	2	57
52	2	57
53	2	57
54	2	57
55	2	57
56	2	57
57	2	57
58	7	57
59	7	57
60	2	57
61	2	57
62	2	57
63	2	57
64	2	57
65	7	57
66	2	57
67	2	57
68	7	57
69	9	57
70	7	57
71	2	57
72	7	57
73	1	57
74	1	57
75	2	57
76	2	57
77	1	57
78	2	57
79	1	57
80	9	57
81	2	57
82	2	57
83	2	57
84	7	57
85	9	57
86	7	57
87	7	57
88	9	57
1	2	58
2	7	58
3	2	58
4	7	58
5	2	58
6	2	58
7	2	58
8	2	58
9	7	58
10	2	58
11	2	58
12	9	58
13	9	58
14	2	58
15	2	58
16	2	58
17	2	58
18	2	58
19	7	58
20	2	58
21	2	58
22	9	58
23	7	58
24	2	58
25	2	58
26	2	58
27	7	58
28	7	58
29	7	58
30	2	58
31	2	58
32	2	58
33	2	58
34	2	58
35	2	58
36	2	58
37	2	58
38	2	58
39	2	58
40	9	58
41	9	58
42	2	58
43	2	58
44	7	58
45	2	58
46	7	58
47	2	58
48	2	58
49	2	58
50	2	58
51	2	58
52	2	58
53	7	58
54	2	58
55	7	58
56	7	58
57	7	58
58	2	58
59	2	58
60	2	58
61	2	58
62	2	58
63	1	58
64	2	58
65	2	58
66	2	58
67	2	58
68	7	58
69	9	58
70	2	58
71	2	58
72	2	58
73	1	58
74	2	58
75	2	58
76	2	58
77	2	58
78	2	58
79	2	58
80	9	58
81	2	58
82	7	58
83	2	58
84	2	58
85	2	58
86	1	58
87	7	58
88	9	58
1	7	59
2	7	59
3	9	59
4	2	59
5	2	59
6	7	59
7	2	59
8	1	59
9	7	59
10	2	59
11	1	59
12	2	59
13	9	59
14	7	59
15	2	59
16	2	59
17	2	59
18	2	59
19	7	59
20	2	59
21	2	59
22	2	59
23	2	59
24	2	59
25	7	59
26	2	59
27	2	59
28	9	59
29	9	59
30	2	59
31	7	59
32	7	59
33	2	59
34	7	59
35	2	59
36	2	59
37	7	59
38	2	59
39	2	59
40	2	59
41	2	59
42	2	59
43	9	59
44	9	59
45	2	59
46	9	59
47	1	59
48	2	59
49	7	59
50	7	59
51	7	59
52	9	59
53	2	59
54	7	59
55	2	59
56	7	59
57	2	59
58	2	59
59	7	59
60	9	59
61	9	59
62	2	59
63	1	59
64	2	59
65	7	59
66	7	59
67	2	59
68	7	59
69	9	59
70	2	59
71	7	59
72	7	59
73	7	59
74	2	59
75	2	59
76	7	59
77	2	59
78	2	59
79	2	59
80	2	59
81	2	59
82	2	59
83	2	59
84	2	59
85	9	59
86	2	59
87	2	59
88	7	59
1	2	60
2	2	60
3	7	60
4	1	60
5	2	60
6	2	60
7	9	60
8	2	60
9	2	60
10	2	60
11	2	60
12	9	60
13	9	60
14	7	60
15	7	60
16	7	60
17	7	60
18	2	60
19	2	60
20	2	60
21	2	60
22	2	60
23	2	60
24	2	60
25	9	60
26	2	60
27	2	60
28	2	60
29	2	60
30	2	60
31	7	60
32	9	60
33	7	60
34	7	60
35	7	60
36	2	60
37	7	60
38	2	60
39	2	60
40	1	60
41	2	60
42	7	60
43	2	60
44	9	60
45	2	60
46	2	60
47	1	60
48	2	60
49	7	60
50	7	60
51	7	60
52	2	60
53	9	60
54	7	60
55	9	60
56	2	60
57	2	60
58	9	60
59	9	60
60	9	60
61	9	60
62	9	60
63	9	60
64	7	60
65	7	60
66	7	60
67	2	60
68	2	60
69	2	60
70	7	60
71	7	60
72	7	60
73	9	60
74	7	60
75	9	60
76	2	60
77	2	60
78	9	60
79	7	60
80	2	60
81	7	60
82	2	60
83	2	60
84	2	60
85	2	60
86	9	60
87	2	60
88	1	60
1	7	61
2	7	61
3	7	61
4	1	61
5	2	61
6	1	61
7	7	61
8	7	61
9	2	61
10	7	61
11	7	61
12	2	61
13	2	61
14	7	61
15	7	61
16	7	61
17	2	61
18	2	61
19	7	61
20	2	61
21	2	61
22	9	61
23	2	61
24	2	61
25	9	61
26	9	61
27	1	61
28	2	61
29	2	61
30	2	61
31	9	61
32	9	61
33	2	61
34	2	61
35	7	61
36	7	61
37	7	61
38	2	61
39	2	61
40	1	61
41	2	61
42	2	61
43	2	61
44	2	61
45	1	61
46	2	61
47	2	61
48	9	61
49	9	61
50	7	61
51	7	61
52	9	61
53	9	61
54	7	61
55	9	61
56	7	61
57	7	61
58	9	61
59	9	61
60	2	61
61	2	61
62	9	61
63	2	61
64	7	61
65	9	61
66	7	61
67	2	61
68	7	61
69	2	61
70	7	61
71	2	61
72	2	61
73	2	61
74	2	61
75	2	61
76	9	61
77	2	61
78	2	61
79	9	61
80	2	61
81	7	61
82	7	61
83	7	61
84	2	61
85	2	61
86	2	61
87	2	61
88	1	61
1	7	62
2	7	62
3	2	62
4	7	62
5	2	62
6	2	62
7	7	62
8	1	62
9	7	62
10	2	62
11	2	62
12	2	62
13	9	62
14	2	62
15	2	62
16	9	62
17	2	62
18	2	62
19	7	62
20	7	62
21	2	62
22	2	62
23	9	62
24	9	62
25	9	62
26	9	62
27	9	62
28	9	62
29	9	62
30	9	62
31	7	62
32	9	62
33	7	62
34	2	62
35	9	62
36	2	62
37	2	62
38	9	62
39	9	62
40	9	62
41	9	62
42	7	62
43	9	62
44	9	62
45	9	62
46	9	62
47	2	62
48	7	62
49	2	62
50	9	62
51	9	62
52	9	62
53	2	62
54	2	62
55	9	62
56	7	62
57	7	62
58	2	62
59	9	62
60	9	62
61	9	62
62	2	62
63	1	62
64	9	62
65	9	62
66	2	62
67	7	62
68	7	62
69	9	62
70	7	62
71	7	62
72	7	62
73	2	62
74	2	62
75	2	62
76	2	62
77	2	62
78	9	62
79	7	62
80	9	62
81	9	62
82	7	62
83	7	62
84	2	62
85	9	62
86	1	62
87	9	62
88	9	62
1	7	63
2	7	63
3	2	63
4	2	63
5	2	63
6	2	63
7	2	63
8	2	63
9	2	63
10	1	63
11	1	63
12	2	63
13	9	63
14	7	63
15	9	63
16	7	63
17	2	63
18	2	63
19	7	63
20	2	63
21	2	63
22	2	63
23	9	63
24	9	63
25	7	63
26	9	63
27	9	63
28	9	63
29	9	63
30	2	63
31	9	63
32	7	63
33	7	63
34	2	63
35	7	63
36	9	63
37	9	63
38	9	63
39	9	63
40	9	63
41	9	63
42	7	63
43	9	63
44	9	63
45	9	63
46	9	63
47	1	63
48	2	63
49	9	63
50	9	63
51	7	63
52	2	63
53	9	63
54	7	63
55	9	63
56	7	63
57	2	63
58	9	63
59	2	63
60	2	63
61	2	63
62	2	63
63	2	63
64	9	63
65	7	63
66	9	63
67	2	63
68	7	63
69	2	63
70	7	63
71	2	63
72	7	63
73	7	63
74	7	63
75	2	63
76	2	63
77	2	63
78	2	63
79	2	63
80	9	63
81	7	63
82	7	63
83	7	63
84	2	63
85	2	63
86	2	63
87	9	63
88	9	63
1	7	64
2	7	64
3	9	64
4	2	64
5	2	64
6	2	64
7	9	64
8	1	64
9	2	64
10	1	64
11	2	64
12	2	64
13	2	64
14	9	64
15	9	64
16	9	64
17	2	64
18	2	64
19	7	64
20	2	64
21	2	64
22	2	64
23	9	64
24	2	64
25	9	64
26	2	64
27	2	64
28	9	64
29	1	64
30	2	64
31	9	64
32	9	64
33	7	64
34	7	64
35	9	64
36	9	64
37	9	64
38	2	64
39	2	64
40	9	64
41	9	64
42	7	64
43	1	64
44	2	64
45	2	64
46	2	64
47	1	64
48	2	64
49	9	64
50	9	64
51	9	64
52	2	64
53	9	64
54	9	64
55	9	64
56	7	64
57	7	64
58	2	64
59	9	64
60	2	64
61	2	64
62	2	64
63	2	64
64	9	64
65	9	64
66	9	64
67	2	64
68	7	64
69	9	64
70	7	64
71	2	64
72	9	64
73	7	64
74	2	64
75	2	64
76	2	64
77	2	64
78	2	64
79	2	64
80	2	64
81	9	64
82	7	64
83	7	64
84	2	64
85	2	64
86	2	64
87	9	64
88	9	64
1	2	65
2	1	65
3	2	65
4	2	65
5	2	65
6	2	65
7	2	65
8	1	65
9	2	65
10	1	65
11	2	65
12	2	65
13	2	65
14	1	65
15	1	65
16	2	65
17	2	65
18	2	65
19	1	65
20	2	65
21	2	65
22	2	65
23	9	65
24	2	65
25	2	65
26	9	65
27	9	65
28	9	65
29	1	65
30	2	65
31	1	65
32	2	65
33	2	65
34	2	65
35	2	65
36	2	65
37	2	65
38	9	65
39	9	65
40	2	65
41	2	65
42	1	65
43	1	65
44	2	65
45	2	65
46	9	65
47	1	65
48	9	65
49	2	65
50	2	65
51	1	65
52	2	65
53	9	65
54	1	65
55	9	65
56	2	65
57	1	65
58	9	65
59	2	65
60	1	65
61	2	65
62	2	65
63	2	65
64	1	65
65	2	65
66	9	65
67	2	65
68	1	65
69	9	65
70	2	65
71	2	65
72	2	65
73	1	65
74	2	65
75	2	65
76	2	65
77	2	65
78	2	65
79	1	65
80	2	65
81	2	65
82	2	65
83	2	65
84	2	65
85	2	65
86	2	65
87	9	65
88	2	65
1	2	66
2	2	66
3	2	66
4	2	66
5	2	66
6	1	66
7	2	66
8	2	66
9	2	66
10	1	66
11	1	66
12	2	66
13	2	66
14	1	66
15	2	66
16	2	66
17	2	66
18	2	66
19	2	66
20	2	66
21	2	66
22	1	66
23	2	66
24	1	66
25	2	66
26	9	66
27	2	66
28	2	66
29	1	66
30	2	66
31	2	66
32	2	66
33	2	66
34	1	66
35	2	66
36	2	66
37	9	66
38	9	66
39	2	66
40	9	66
41	9	66
42	2	66
43	1	66
44	2	66
45	1	66
46	2	66
47	2	66
48	2	66
49	9	66
50	2	66
51	2	66
52	2	66
53	9	66
54	2	66
55	9	66
56	2	66
57	1	66
58	2	66
59	9	66
60	1	66
61	2	66
62	9	66
63	2	66
64	9	66
65	9	66
66	2	66
67	2	66
68	2	66
69	2	66
70	2	66
71	2	66
72	2	66
73	2	66
74	2	66
75	2	66
76	2	66
77	2	66
78	2	66
79	2	66
80	2	66
81	2	66
82	2	66
83	2	66
84	2	66
85	2	66
86	2	66
87	2	66
88	9	66
1	2	67
2	2	67
3	9	67
4	2	67
5	2	67
6	2	67
7	9	67
8	2	67
9	2	67
10	2	67
11	2	67
12	2	67
13	2	67
14	2	67
15	2	67
16	2	67
17	1	67
18	2	67
19	1	67
20	2	67
21	2	67
22	2	67
23	2	67
24	2	67
25	1	67
26	2	67
27	2	67
28	2	67
29	2	67
30	2	67
31	1	67
32	2	67
33	2	67
34	7	67
35	2	67
36	2	67
37	2	67
38	2	67
39	2	67
40	2	67
41	2	67
42	2	67
43	7	67
44	7	67
45	2	67
46	2	67
47	2	67
48	2	67
49	9	67
50	2	67
51	2	67
52	2	67
53	9	67
54	2	67
55	9	67
56	2	67
57	1	67
58	2	67
59	2	67
60	7	67
61	7	67
62	7	67
63	7	67
64	2	67
65	2	67
66	2	67
67	1	67
68	1	67
69	2	67
70	2	67
71	2	67
72	2	67
73	2	67
74	7	67
75	7	67
76	2	67
77	2	67
78	7	67
79	7	67
80	2	67
81	2	67
82	1	67
83	2	67
84	7	67
85	2	67
86	2	67
87	2	67
88	2	67
1	7	68
2	7	68
3	9	68
4	2	68
5	2	68
6	1	68
7	7	68
8	2	68
9	2	68
10	2	68
11	2	68
12	2	68
13	2	68
14	9	68
15	9	68
16	7	68
17	2	68
18	2	68
19	7	68
20	2	68
21	2	68
22	2	68
23	9	68
24	9	68
25	7	68
26	9	68
27	2	68
28	9	68
29	2	68
30	2	68
31	7	68
32	7	68
33	7	68
34	7	68
35	9	68
36	9	68
37	9	68
38	9	68
39	9	68
40	9	68
41	9	68
42	7	68
43	2	68
44	9	68
45	2	68
46	9	68
47	1	68
48	2	68
49	2	68
50	9	68
51	9	68
52	2	68
53	9	68
54	9	68
55	9	68
56	7	68
57	7	68
58	9	68
59	9	68
60	2	68
61	7	68
62	2	68
63	2	68
64	9	68
65	9	68
66	9	68
67	7	68
68	7	68
69	9	68
70	7	68
71	7	68
72	7	68
73	2	68
74	2	68
75	7	68
76	2	68
77	2	68
78	2	68
79	2	68
80	2	68
81	7	68
82	7	68
83	7	68
84	2	68
85	7	68
86	2	68
87	9	68
88	9	68
1	7	69
2	7	69
3	9	69
4	1	69
5	2	69
6	1	69
7	2	69
8	1	69
9	1	69
10	1	69
11	2	69
12	2	69
13	2	69
14	9	69
15	9	69
16	7	69
17	7	69
18	2	69
19	7	69
20	7	69
21	7	69
22	2	69
23	9	69
24	2	69
25	2	69
26	9	69
27	2	69
28	9	69
29	2	69
30	2	69
31	2	69
32	9	69
33	2	69
34	2	69
35	7	69
36	9	69
37	9	69
38	9	69
39	9	69
40	2	69
41	9	69
42	2	69
43	2	69
44	2	69
45	2	69
46	2	69
47	1	69
48	2	69
49	9	69
50	9	69
51	9	69
52	1	69
53	9	69
54	9	69
55	9	69
56	7	69
57	7	69
58	9	69
59	7	69
60	1	69
61	2	69
62	2	69
63	7	69
64	9	69
65	9	69
66	9	69
67	7	69
68	7	69
69	2	69
70	7	69
71	2	69
72	2	69
73	1	69
74	2	69
75	1	69
76	2	69
77	2	69
78	2	69
79	1	69
80	2	69
81	7	69
82	7	69
83	7	69
84	7	69
85	2	69
86	2	69
87	9	69
88	9	69
1	2	70
2	2	70
3	9	70
4	2	70
5	2	70
6	1	70
7	2	70
8	1	70
9	2	70
10	1	70
11	2	70
12	2	70
13	2	70
14	2	70
15	2	70
16	2	70
17	2	70
18	2	70
19	2	70
20	2	70
21	2	70
22	2	70
23	9	70
24	9	70
25	2	70
26	2	70
27	9	70
28	9	70
29	2	70
30	2	70
31	2	70
32	2	70
33	2	70
34	1	70
35	2	70
36	9	70
37	2	70
38	2	70
39	9	70
40	9	70
41	9	70
42	2	70
43	2	70
44	2	70
45	2	70
46	2	70
47	1	70
48	2	70
49	2	70
50	2	70
51	2	70
52	2	70
53	9	70
54	2	70
55	9	70
56	2	70
57	1	70
58	2	70
59	9	70
60	1	70
61	2	70
62	2	70
63	2	70
64	2	70
65	9	70
66	2	70
67	1	70
68	2	70
69	2	70
70	2	70
71	2	70
72	2	70
73	1	70
74	1	70
75	1	70
76	2	70
77	1	70
78	2	70
79	1	70
80	2	70
81	2	70
82	2	70
83	2	70
84	7	70
85	2	70
86	2	70
87	9	70
88	2	70
1	1	71
2	1	71
3	9	71
4	2	71
5	2	71
6	1	71
7	2	71
8	1	71
9	2	71
10	1	71
11	2	71
12	2	71
13	2	71
14	9	71
15	9	71
16	2	71
17	2	71
18	1	71
19	1	71
20	1	71
21	2	71
22	2	71
23	9	71
24	2	71
25	2	71
26	9	71
27	2	71
28	2	71
29	2	71
30	2	71
31	9	71
32	2	71
33	2	71
34	1	71
35	9	71
36	9	71
37	9	71
38	9	71
39	9	71
40	9	71
41	2	71
42	1	71
43	2	71
44	2	71
45	2	71
46	2	71
47	1	71
48	2	71
49	9	71
50	9	71
51	9	71
52	2	71
53	9	71
54	9	71
55	9	71
56	2	71
57	1	71
58	9	71
59	9	71
60	1	71
61	1	71
62	2	71
63	2	71
64	9	71
65	9	71
66	9	71
67	1	71
68	1	71
69	2	71
70	2	71
71	2	71
72	2	71
73	1	71
74	1	71
75	1	71
76	2	71
77	1	71
78	2	71
79	1	71
80	2	71
81	2	71
82	2	71
83	2	71
84	2	71
85	2	71
86	2	71
87	9	71
88	9	71
