1	77	1
2	77	1
3	48.1	1
4	93	1
5	93	1
6	90.3	1
7	72	1
8	81	1
9	79.9	1
10	75	1
11	70	1
12	75	1
13	79.1	1
14	68	1
15	64.4	1
16	68	1
17	86	1
18	86	1
19	70	1
20	76	1
21	84	1
22	68.8	1
23	75	1
24	75	1
25	70	1
26	72	1
27	80.4	1
28	77	1
29	75	1
30	75	1
31	66	1
32	70.5	1
33	77	1
34	73	1
35	69.8	1
36	73.1	1
37	67.1	1
38	66	1
39	66	1
40	75	1
41	77	1
42	75	1
43	75.1	1
44	73	1
45	77	1
46	77	1
47	82	1
48	70.7	1
49	66	1
50	68	1
51	65	1
52	73.3	1
53	63.3	1
54	68.0	1
55	64	1
56	70	1
57	73.0	1
58	64	1
59	66	1
60	77	1
61	76.8	1
62	61	1
63	59	1
64	67.6	1
65	64	1
66	73	1
67	77.6	1
68	76	1
69	75	1
70	80.2	1
71	73.2	1
72	72	1
73	83.3	1
74	85.4	1
75	82.0	1
76	81	1
77	81	1
78	81	1
79	81.1	1
80	66	1
81	68	1
82	72	1
83	70	1
84	59	1
85	57.7	1
86	61	1
87	72	1
88	80.4	1
1	77.2	2
2	73	2
3	52	2
4	91	2
5	91	2
6	88.1	2
7	75	2
8	69.2	2
9	71.5	2
10	69	2
11	64	2
12	72	2
13	77.1	2
14	63	2
15	63.1	2
16	63.1	2
17	84	2
18	79.2	2
19	73	2
20	79	2
21	84.9	2
22	55.4	2
23	70.2	2
24	72	2
25	74.7	2
26	70	2
27	75.0	2
28	73	2
29	75	2
30	79	2
31	73.9	2
32	78.8	2
33	79.5	2
34	77	2
35	64	2
36	61.1	2
37	62.8	2
38	70	2
39	70	2
40	73	2
41	73	2
42	78	2
43	73.6	2
44	75	2
45	79	2
46	77	2
47	82.7	2
48	57	2
49	63	2
50	64	2
51	61	2
52	77.1	2
53	70	2
54	63	2
55	66	2
56	63	2
57	66.2	2
58	68	2
59	70	2
60	77.4	2
61	79.0	2
62	54	2
63	56	2
64	61	2
65	66.6	2
66	63	2
67	77	2
68	77	2
69	75	2
70	77	2
71	78.8	2
72	79	2
73	82	2
74	83.1	2
75	85.0	2
76	86.4	2
77	84	2
78	81	2
79	82	2
80	72	2
81	63	2
82	64.6	2
83	65.1	2
84	57	2
85	52	2
86	56.0	2
87	70	2
88	80.6	2
1	79	3
2	79.5	3
3	51.2	3
4	84	3
5	82.0	3
6	84.7	3
7	77.5	3
8	66	3
9	68	3
10	68	3
11	66	3
12	59	3
13	63	3
14	63	3
15	64.2	3
16	61	3
17	86	3
18	86	3
19	79	3
20	81	3
21	84.2	3
22	62.6	3
23	75	3
24	79	3
25	79	3
26	72.8	3
27	77.2	3
28	77	3
29	79	3
30	81	3
31	72	3
32	75	3
33	83.5	3
34	79	3
35	61	3
36	61	3
37	58.5	3
38	72	3
39	70	3
40	79	3
41	77	3
42	82	3
43	77	3
44	79	3
45	81	3
46	81	3
47	67.1	3
48	57	3
49	61	3
50	63	3
51	61	3
52	73.6	3
53	69.1	3
54	63	3
55	64	3
56	61	3
57	63	3
58	70	3
59	72.3	3
60	79	3
61	81	3
62	57.2	3
63	60	3
64	55	3
65	70	3
66	64.2	3
67	79	3
68	79	3
69	79	3
70	81	3
71	79.3	3
72	81	3
73	82	3
74	84	3
75	85.1	3
76	84.9	3
77	86	3
78	82	3
79	84.2	3
80	61	3
81	61	3
82	74	3
83	73	3
84	58.6	3
85	55	3
86	59	3
87	70	3
88	72	3
1	81	4
2	82.2	4
3	40	4
4	72	4
5	73	4
6	70	4
7	81	4
8	72	4
9	70.4	4
10	73	4
11	70	4
12	61	4
13	63	4
14	70	4
15	68.5	4
16	64	4
17	88	4
18	85.9	4
19	81	4
20	84	4
21	88	4
22	57	4
23	75	4
24	81	4
25	79	4
26	73	4
27	75	4
28	73	4
29	75	4
30	81	4
31	75	4
32	82.6	4
33	87.3	4
34	81	4
35	68	4
36	65.8	4
37	72.0	4
38	73	4
39	72	4
40	73	4
41	73.0	4
42	81	4
43	75.3	4
44	81	4
45	79	4
46	79	4
47	69.2	4
48	61.6	4
49	72	4
50	67	4
51	66.3	4
52	58.0	4
53	72.1	4
54	66	4
55	66	4
56	66.6	4
57	73	4
58	73	4
59	76.2	4
60	82	4
61	81	4
62	63	4
63	62	4
64	61	4
65	63.5	4
66	68	4
67	81	4
68	82	4
69	75	4
70	86.9	4
71	83.1	4
72	82	4
73	85.1	4
74	84.8	4
75	85.0	4
76	81	4
77	86	4
78	81.7	4
79	85.1	4
80	57	4
81	64	4
82	69	4
83	70	4
84	59.7	4
85	55	4
86	57.0	4
87	72	4
88	79.9	4
1	84.2	5
2	83.1	5
3	47	5
4	77.8	5
5	79	5
6	79.6	5
7	79	5
8	74	5
9	71.6	5
10	73	5
11	57	5
12	55	5
13	56.2	5
14	70.3	5
15	72	5
16	68	5
17	86	5
18	87.3	5
19	79	5
20	84	5
21	87.8	5
22	61	5
23	73.3	5
24	73.6	5
25	79	5
26	77.0	5
27	73.2	5
28	72	5
29	75	5
30	74.8	5
31	79	5
32	79	5
33	90.7	5
34	83.1	5
35	70	5
36	61	5
37	57.2	5
38	77	5
39	75	5
40	73	5
41	73.0	5
42	84	5
43	75	5
44	75	5
45	70	5
46	73	5
47	72.7	5
48	64	5
49	61	5
50	73	5
51	72	5
52	64	5
53	77.4	5
54	72	5
55	73	5
56	68	5
57	72	5
58	73	5
59	72	5
60	82.2	5
61	79	5
62	58.0	5
63	58	5
64	75.6	5
65	72	5
66	64	5
67	78.0	5
68	81	5
69	59.3	5
70	81	5
71	77.9	5
72	81	5
73	86	5
74	91	5
75	90.9	5
76	79	5
77	90	5
78	79	5
79	89.9	5
80	66	5
81	66	5
82	72.4	5
83	74	5
84	55	5
85	54	5
86	58	5
87	66.0	5
88	68.7	5
1	86.9	6
2	83	6
3	52	6
4	83.8	6
5	84	6
6	84.8	6
7	79	6
8	72.0	6
9	69.0	6
10	70	6
11	63	6
12	55.6	6
13	63	6
14	63	6
15	64.9	6
16	64	6
17	84	6
18	85.3	6
19	77	6
20	81	6
21	87.3	6
22	63	6
23	67.4	6
24	70	6
25	75	6
26	71.8	6
27	63	6
28	66	6
29	70	6
30	72	6
31	77	6
32	78.1	6
33	88.9	6
34	75	6
35	70	6
36	61.5	6
37	57.1	6
38	68	6
39	70	6
40	59	6
41	59	6
42	82.8	6
43	70	6
44	72	6
45	68	6
46	68	6
47	77	6
48	61.7	6
49	57.4	6
50	68	6
51	65.0	6
52	73	6
53	69.8	6
54	64.8	6
55	70	6
56	67.1	6
57	72	6
58	68	6
59	70	6
60	70.9	6
61	73	6
62	59	6
63	57.3	6
64	68	6
65	68	6
66	61	6
67	77	6
68	74	6
69	63	6
70	90.3	6
71	79	6
72	81	6
73	81	6
74	79.6	6
75	79.5	6
76	81.0	6
77	77.5	6
78	77.0	6
79	77	6
80	65.8	6
81	64	6
82	71.4	6
83	73	6
84	57	6
85	53	6
86	57.6	6
87	62.0	6
88	61	6
1	81.5	7
2	81	7
3	50	7
4	84	7
5	84	7
6	86.3	7
7	77	7
8	79	7
9	72.5	7
10	79	7
11	70	7
12	57	7
13	60.6	7
14	61.1	7
15	63	7
16	70	7
17	88	7
18	86	7
19	72	7
20	73	7
21	84	7
22	62	7
23	61.6	7
24	68	7
25	70	7
26	63	7
27	63	7
28	64	7
29	70	7
30	66	7
31	73	7
32	73	7
33	86.0	7
34	75	7
35	70	7
36	66.8	7
37	67.8	7
38	63	7
39	63	7
40	57	7
41	55	7
42	82	7
43	67.9	7
44	68.5	7
45	64.9	7
46	63	7
47	72	7
48	55	7
49	64	7
50	67	7
51	68	7
52	76.0	7
53	63.1	7
54	64.8	7
55	66.7	7
56	65.9	7
57	70	7
58	66	7
59	70	7
60	69.8	7
61	74	7
62	57	7
63	62	7
64	69.3	7
65	63	7
66	61.8	7
67	75	7
68	72	7
69	61	7
70	79	7
71	82	7
72	79	7
73	75	7
74	79	7
75	73	7
76	79	7
77	84.0	7
78	75	7
79	75	7
80	55	7
81	72	7
82	72	7
83	70	7
84	57	7
85	54	7
86	62	7
87	57	7
88	67.6	7
1	74.8	8
2	73	8
3	52.8	8
4	81	8
5	82	8
6	80.8	8
7	72	8
8	88	8
9	81	8
10	86	8
11	75.2	8
12	47.7	8
13	50.3	8
14	67.7	8
15	70	8
16	73	8
17	88	8
18	84.4	8
19	67.5	8
20	70	8
21	81	8
22	58	8
23	64.9	8
24	66	8
25	70	8
26	63	8
27	60.8	8
28	64	8
29	64	8
30	64	8
31	73	8
32	73	8
33	87.1	8
34	81.1	8
35	73.9	8
36	64.5	8
37	68.2	8
38	63.1	8
39	64	8
40	54	8
41	55.0	8
42	82	8
43	64	8
44	66	8
45	61	8
46	59	8
47	72.8	8
48	57	8
49	64	8
50	70	8
51	72	8
52	66.6	8
53	68.5	8
54	73.8	8
55	66.4	8
56	70.8	8
57	73.2	8
58	64	8
59	68	8
60	68.3	8
61	68	8
62	63	8
63	67	8
64	73.8	8
65	70	8
66	70	8
67	75	8
68	77	8
69	52	8
70	74.7	8
71	77.5	8
72	73.2	8
73	75.2	8
74	82	8
75	73.4	8
76	75.4	8
77	87.6	8
78	75.9	8
79	73.7	8
80	54	8
81	73	8
82	66.4	8
83	68.0	8
84	61	8
85	55.0	8
86	68	8
87	57	8
88	56	8
1	73	9
2	81	9
3	59	9
4	79.3	9
5	81	9
6	80.6	9
7	66	9
8	86	9
9	82	9
10	84	9
11	75.2	9
12	48	9
13	50.3	9
14	63	9
15	65.7	9
16	72	9
17	86	9
18	84	9
19	73	9
20	81	9
21	84	9
22	57	9
23	64	9
24	63.0	9
25	66.8	9
26	63	9
27	52.5	9
28	52	9
29	57	9
30	57	9
31	68.5	9
32	70	9
33	82	9
34	71.6	9
35	70	9
36	62.0	9
37	59.4	9
38	61	9
39	63	9
40	52	9
41	54	9
42	76.7	9
43	57	9
44	64.2	9
45	57	9
46	57	9
47	72.4	9
48	59	9
49	61	9
50	68	9
51	68.6	9
52	60.1	9
53	70	9
54	66.7	9
55	66.3	9
56	70	9
57	71.1	9
58	64.4	9
59	68	9
60	57	9
61	61	9
62	64	9
63	67	9
64	64.8	9
65	66	9
66	63	9
67	75	9
68	79	9
69	54	9
70	72.1	9
71	70	9
72	71.7	9
73	61.2	9
74	75.3	9
75	63.0	9
76	73	9
77	81.4	9
78	54.1	9
79	61.1	9
80	55	9
81	72	9
82	72.1	9
83	73.6	9
84	61	9
85	55	9
86	69.3	9
87	59.0	9
88	56.1	9
1	72.5	10
2	75	10
3	55	10
4	79	10
5	81	10
6	79.3	10
7	66.6	10
8	86	10
9	84.8	10
10	82	10
11	81	10
12	52	10
13	54.5	10
14	70	10
15	72	10
16	77	10
17	85.4	10
18	87.8	10
19	70	10
20	85	10
21	86	10
22	61	10
23	54	10
24	61	10
25	61	10
26	52.5	10
27	59	10
28	63	10
29	64	10
30	64	10
31	59	10
32	59.2	10
33	77.7	10
34	70	10
35	75	10
36	72	10
37	72.5	10
38	52	10
39	55	10
40	59	10
41	59	10
42	67.9	10
43	65.9	10
44	63	10
45	59.9	10
46	61	10
47	71.2	10
48	63	10
49	75.1	10
50	73	10
51	73.6	10
52	58.8	10
53	61	10
54	73	10
55	64.4	10
56	75.9	10
57	82.4	10
58	59	10
59	64	10
60	64	10
61	64.4	10
62	66	10
63	67	10
64	76.3	10
65	63	10
66	70	10
67	81	10
68	84	10
69	54	10
70	74.8	10
71	68.0	10
72	63	10
73	70	10
74	73	10
75	66	10
76	76.5	10
77	77	10
78	68	10
79	70	10
80	59	10
81	75.2	10
82	77.4	10
83	78.1	10
84	55	10
85	57	10
86	63.7	10
87	52	10
88	54	10
1	68	11
2	72.1	11
3	54	11
4	79.0	11
5	82	11
6	80.1	11
7	72	11
8	79	11
9	79.9	11
10	81	11
11	79	11
12	45.6	11
13	48.6	11
14	70	11
15	67	11
16	72	11
17	88.6	11
18	88.9	11
19	72	11
20	86	11
21	92.5	11
22	61	11
23	51.7	11
24	55	11
25	69.8	11
26	57.4	11
27	54.3	11
28	55.7	11
29	61	11
30	60.6	11
31	64	11
32	66	11
33	75	11
34	70	11
35	72	11
36	70	11
37	64.2	11
38	61	11
39	63	11
40	52	11
41	52	11
42	72	11
43	61	11
44	61	11
45	49.6	11
46	52	11
47	75.5	11
48	65.1	11
49	64	11
50	70	11
51	68	11
52	65.2	11
53	59.2	11
54	68.5	11
55	59.9	11
56	71.2	11
57	75	11
58	63	11
59	63	11
60	65.2	11
61	61.8	11
62	63	11
63	64	11
64	66.6	11
65	57.6	11
66	68	11
67	86	11
68	75	11
69	52	11
70	68	11
71	72	11
72	64	11
73	70	11
74	72.4	11
75	68.7	11
76	75.7	11
77	73.2	11
78	67.6	11
79	70	11
80	58.6	11
81	72	11
82	72	11
83	72	11
84	57	11
85	59	11
86	65	11
87	50	11
88	50	11
1	66	12
2	72	12
3	55	12
4	82	12
5	84	12
6	80.6	12
7	64	12
8	83	12
9	82	12
10	82	12
11	64	12
12	63	12
13	63.2	12
14	64	12
15	64.0	12
16	64.3	12
17	88	12
18	88.1	12
19	63	12
20	82	12
21	86.4	12
22	62	12
23	54	12
24	55	12
25	59.6	12
26	52	12
27	52	12
28	57	12
29	61	12
30	64	12
31	55	12
32	59	12
33	73	12
34	66	12
35	66	12
36	66	12
37	66.6	12
38	59.4	12
39	57	12
40	46	12
41	46.0	12
42	72	12
43	58.2	12
44	57	12
45	64.2	12
46	63	12
47	77.8	12
48	67.9	12
49	67.5	12
50	65	12
51	64.6	12
52	60.3	12
53	59.5	12
54	63	12
55	63.3	12
56	70	12
57	74.3	12
58	54.8	12
59	57	12
60	63	12
61	61	12
62	64	12
63	70	12
64	61.7	12
65	54	12
66	63	12
67	81	12
68	78	12
69	52	12
70	69.3	12
71	64.9	12
72	58.9	12
73	63	12
74	70	12
75	67.5	12
76	76.5	12
77	68	12
78	63	12
79	66.3	12
80	63	12
81	64.5	12
82	67.7	12
83	67.6	12
84	55.4	12
85	62	12
86	71	12
87	52	12
88	52.2	12
1	68	13
2	72	13
3	54	13
4	84	13
5	86	13
6	83.2	13
7	66	13
8	80	13
9	75.1	13
10	75	13
11	66	13
12	59.3	13
13	60.5	13
14	64	13
15	61	13
16	64	13
17	90	13
18	91.9	13
19	70	13
20	73	13
21	82.9	13
22	64.4	13
23	61	13
24	70	13
25	64.2	13
26	57.8	13
27	57	13
28	63	13
29	70	13
30	72	13
31	61	13
32	63	13
33	74.1	13
34	66	13
35	64	13
36	63	13
37	61.6	13
38	59	13
39	55	13
40	45	13
41	45	13
42	68	13
43	70.3	13
44	70	13
45	64	13
46	64	13
47	78.4	13
48	70	13
49	61	13
50	65	13
51	63	13
52	65.2	13
53	50	13
54	63.6	13
55	56.5	13
56	64.4	13
57	68	13
58	57	13
59	61	13
60	70	13
61	71.8	13
62	66	13
63	69	13
64	62.2	13
65	58.2	13
66	63	13
67	76.5	13
68	72	13
69	50.2	13
70	66	13
71	66.0	13
72	64	13
73	73	13
74	73.3	13
75	70	13
76	75	13
77	75	13
78	81	13
79	72	13
80	63	13
81	64	13
82	66.9	13
83	67	13
84	52	13
85	59	13
86	66.1	13
87	48	13
88	53.1	13
1	70	14
2	72.1	14
3	53	14
4	85	14
5	84	14
6	82.9	14
7	70.8	14
8	71.5	14
9	74.5	14
10	73	14
11	57	14
12	55	14
13	54	14
14	66	14
15	64.4	14
16	66	14
17	89	14
18	86	14
19	70	14
20	72	14
21	81	14
22	67.5	14
23	65.3	14
24	63	14
25	64	14
26	61	14
27	56.3	14
28	58.0	14
29	63	14
30	64.8	14
31	66	14
32	68	14
33	73.0	14
34	73	14
35	66	14
36	66	14
37	66.0	14
38	54	14
39	56.5	14
40	37	14
41	38.0	14
42	73	14
43	63	14
44	63.6	14
45	57	14
46	55	14
47	81.1	14
48	70.7	14
49	66	14
50	69	14
51	65.9	14
52	74.4	14
53	64.8	14
54	66.6	14
55	65.4	14
56	67.0	14
57	68.9	14
58	63	14
59	66	14
60	64.7	14
61	65	14
62	63	14
63	64	14
64	66.4	14
65	64.9	14
66	66	14
67	72	14
68	72	14
69	46.2	14
70	70	14
71	72	14
72	70	14
73	72	14
74	79	14
75	74.0	14
76	77.5	14
77	76.1	14
78	73	14
79	76.1	14
80	64	14
81	66	14
82	66.4	14
83	68.0	14
84	52	14
85	63	14
86	66.3	14
87	50.0	14
88	46.0	14
1	73	15
2	75.9	15
3	48	15
4	84	15
5	88	15
6	84	15
7	64.3	15
8	73	15
9	70.4	15
10	70	15
11	57	15
12	59	15
13	63	15
14	66.2	15
15	66.7	15
16	66	15
17	88	15
18	86	15
19	66	15
20	70	15
21	81	15
22	65.9	15
23	43.2	15
24	46.9	15
25	56.5	15
26	46.9	15
27	46	15
28	45.8	15
29	61	15
30	72	15
31	59.9	15
32	61.5	15
33	79.0	15
34	70	15
35	64	15
36	70	15
37	62.8	15
38	48	15
39	50	15
40	39	15
41	39	15
42	72	15
43	59.3	15
44	56	15
45	54	15
46	48	15
47	81.0	15
48	70.7	15
49	61	15
50	63	15
51	63.0	15
52	64	15
53	59	15
54	64.8	15
55	61.1	15
56	63	15
57	66	15
58	59.0	15
59	63	15
60	73	15
61	72	15
62	64	15
63	69	15
64	59.4	15
65	57	15
66	70	15
67	70	15
68	70	15
69	45	15
70	70	15
71	66.9	15
72	64	15
73	73	15
74	75	15
75	72	15
76	70	15
77	73	15
78	73	15
79	73	15
80	66	15
81	66	15
82	64.3	15
83	66	15
84	54	15
85	66	15
86	71.3	15
87	46	15
88	45	15
1	65.5	16
2	68.2	16
3	47	16
4	90	16
5	91	16
6	89.4	16
7	64	16
8	72	16
9	69.5	16
10	70	16
11	55	16
12	62.9	16
13	64.4	16
14	57	16
15	57.0	16
16	60.3	16
17	82	16
18	81	16
19	63	16
20	73	16
21	85.3	16
22	66.1	16
23	45.9	16
24	45.5	16
25	54.5	16
26	43	16
27	43	16
28	41	16
29	53	16
30	64	16
31	50	16
32	54	16
33	75.6	16
34	75	16
35	59	16
36	61	16
37	50.2	16
38	47.3	16
39	46	16
40	39	16
41	39	16
42	70	16
43	52.2	16
44	51.1	16
45	54	16
46	43	16
47	81.0	16
48	72.2	16
49	54	16
50	58	16
51	54.7	16
52	68.9	16
53	45	16
54	57	16
55	49.8	16
56	66	16
57	72	16
58	45	16
59	48	16
60	72	16
61	65.5	16
62	68	16
63	73	16
64	52	16
65	45	16
66	57	16
67	75	16
68	73	16
69	39	16
70	63	16
71	61.9	16
72	55	16
73	79	16
74	83.9	16
75	81	16
76	75.9	16
77	82	16
78	77	16
79	82.4	16
80	64	16
81	59	16
82	63	16
83	62	16
84	56.8	16
85	64	16
86	75.3	16
87	43	16
88	45.8	16
1	64	17
2	72	17
3	39.3	17
4	93	17
5	93	17
6	90.0	17
7	66	17
8	67	17
9	65.7	17
10	68	17
11	57	17
12	63	17
13	64.6	17
14	55	17
15	52.9	17
16	52	17
17	77	17
18	73	17
19	66	17
20	68	17
21	87	17
22	68	17
23	44.0	17
24	45	17
25	46.2	17
26	43	17
27	41	17
28	45	17
29	52	17
30	64	17
31	46	17
32	47.3	17
33	79.9	17
34	77	17
35	54	17
36	54	17
37	49.3	17
38	46	17
39	48	17
40	43	17
41	43	17
42	75	17
43	50	17
44	48	17
45	50	17
46	46	17
47	81.4	17
48	71.8	17
49	52	17
50	55	17
51	54	17
52	70	17
53	46.4	17
54	54	17
55	49.0	17
56	59	17
57	63	17
58	43	17
59	45	17
60	71.3	17
61	60.1	17
62	66	17
63	69	17
64	52	17
65	43.2	17
66	54	17
67	68.6	17
68	64	17
69	46	17
70	61	17
71	64.0	17
72	55	17
73	76.2	17
74	84.1	17
75	75	17
76	82.4	17
77	84	17
78	72	17
79	82.7	17
80	66	17
81	52	17
82	57	17
83	59.0	17
84	56.2	17
85	59	17
86	70.9	17
87	41	17
88	49.6	17
1	60.6	18
2	62.2	18
3	37	18
4	88	18
5	90	18
6	87.6	18
7	54.7	18
8	70	18
9	68.6	18
10	70	18
11	59.3	18
12	64.2	18
13	66	18
14	52	18
15	52.0	18
16	57	18
17	81	18
18	79.1	18
19	57.4	18
20	66	18
21	88	18
22	66.4	18
23	50	18
24	54	18
25	52	18
26	46	18
27	54	18
28	55	18
29	55	18
30	59	18
31	48	18
32	50	18
33	70	18
34	70.2	18
35	57	18
36	48	18
37	47.5	18
38	46.4	18
39	46	18
40	50	18
41	52	18
42	66	18
43	55	18
44	52	18
45	59	18
46	59	18
47	82	18
48	72.5	18
49	46.9	18
50	55	18
51	54	18
52	71.5	18
53	48.4	18
54	52.3	18
55	46.0	18
56	56.8	18
57	57.4	18
58	45	18
59	46	18
60	59	18
61	59.5	18
62	59	18
63	61	18
64	54.3	18
65	46	18
66	52	18
67	64	18
68	61	18
69	57	18
70	58.8	18
71	54	18
72	50	18
73	72	18
74	76.2	18
75	73	18
76	81	18
77	79.0	18
78	67	18
79	73.5	18
80	66	18
81	55	18
82	55	18
83	56.5	18
84	52	18
85	61	18
86	67.6	18
87	50	18
88	46	18
1	63	19
2	63	19
3	48	19
4	84.6	19
5	88	19
6	83.7	19
7	63	19
8	70.6	19
9	72	19
10	75	19
11	63	19
12	59.3	19
13	66.4	19
14	55	19
15	53.8	19
16	57	19
17	82	19
18	79.0	19
19	61	19
20	66	19
21	88	19
22	65.7	19
23	54.7	19
24	59	19
25	59.3	19
26	52	19
27	52	19
28	52	19
29	61	19
30	63	19
31	54	19
32	56.7	19
33	75	19
34	72	19
35	57	19
36	55	19
37	54.2	19
38	48	19
39	50	19
40	57	19
41	57	19
42	72	19
43	61	19
44	64	19
45	54.1	19
46	55	19
47	82	19
48	69.8	19
49	54	19
50	57	19
51	54.2	19
52	63	19
53	44.4	19
54	55.4	19
55	48	19
56	59	19
57	63	19
58	45	19
59	46	19
60	61.5	19
61	66	19
62	52	19
63	54	19
64	54.7	19
65	48	19
66	55	19
67	68	19
68	63	19
69	57	19
70	66.2	19
71	64	19
72	59	19
73	76.1	19
74	81	19
75	73	19
76	79	19
77	81	19
78	73	19
79	75	19
80	68	19
81	55	19
82	61	19
83	63	19
84	54	19
85	54	19
86	57	19
87	52	19
88	52.3	19
1	72	20
2	73	20
3	41	20
4	88	20
5	90	20
6	85	20
7	55.9	20
8	72	20
9	72.9	20
10	70	20
11	63	20
12	68	20
13	71.2	20
14	59	20
15	56.3	20
16	63	20
17	82	20
18	79	20
19	70	20
20	73	20
21	84.4	20
22	68	20
23	54	20
24	57	20
25	63.4	20
26	54	20
27	57	20
28	61	20
29	61	20
30	64	20
31	61	20
32	61	20
33	70	20
34	70	20
35	61	20
36	55	20
37	51.3	20
38	54	20
39	48.1	20
40	54	20
41	55	20
42	70	20
43	63	20
44	57.7	20
45	72	20
46	66	20
47	82.7	20
48	73	20
49	54	20
50	61	20
51	58.0	20
52	65.4	20
53	47.8	20
54	59.9	20
55	46	20
56	68	20
57	70	20
58	48.3	20
59	54.3	20
60	68	20
61	70.7	20
62	54	20
63	54	20
64	55	20
65	48.3	20
66	55	20
67	73	20
68	73	20
69	59	20
70	67.6	20
71	66	20
72	63	20
73	73.6	20
74	74.1	20
75	73	20
76	75.7	20
77	75.0	20
78	70	20
79	75.5	20
80	72	20
81	63	20
82	64	20
83	66.4	20
84	54	20
85	52	20
86	59.3	20
87	54	20
88	52	20
1	66	21
2	78	21
3	45	21
4	84.9	21
5	88	21
6	87.9	21
7	63	21
8	67.5	21
9	70.6	21
10	66	21
11	61	21
12	63.3	21
13	67.1	21
14	61	21
15	61	21
16	64	21
17	84	21
18	82.1	21
19	64	21
20	76	21
21	85.6	21
22	63	21
23	54	21
24	64	21
25	68	21
26	57	21
27	55	21
28	55	21
29	70	21
30	64	21
31	61	21
32	66	21
33	84.0	21
34	75	21
35	64	21
36	61	21
37	55.3	21
38	52	21
39	50.2	21
40	50.5	21
41	52	21
42	75	21
43	67.0	21
44	66	21
45	63.5	21
46	60.1	21
47	84	21
48	63.8	21
49	57	21
50	63	21
51	61	21
52	66	21
53	47.8	21
54	61.5	21
55	50	21
56	68	21
57	70	21
58	57	21
59	63.3	21
60	64.3	21
61	70	21
62	57	21
63	57	21
64	60.3	21
65	57.7	21
66	61	21
67	75.1	21
68	75	21
69	50.2	21
70	63.9	21
71	70	21
72	64	21
73	79	21
74	81	21
75	73.0	21
76	80.6	21
77	84	21
78	77	21
79	75	21
80	70	21
81	64	21
82	67.2	21
83	68.4	21
84	57	21
85	48	21
86	58	21
87	48.0	21
88	49.5	21
1	80.3	22
2	81	22
3	49	22
4	81	22
5	82	22
6	77.7	22
7	79	22
8	66	22
9	65.2	22
10	66	22
11	61	22
12	36	22
13	43	22
14	55	22
15	55.0	22
16	64	22
17	84	22
18	84	22
19	72	22
20	79	22
21	88	22
22	48	22
23	55	22
24	59	22
25	58.0	22
26	54	22
27	57.8	22
28	55	22
29	61	22
30	72	22
31	61	22
32	63	22
33	82	22
34	79	22
35	63	22
36	51.0	22
37	53	22
38	52	22
39	48	22
40	41	22
41	41	22
42	81	22
43	61	22
44	61	22
45	52.0	22
46	54	22
47	64.7	22
48	43	22
49	48.1	22
50	57	22
51	55.1	22
52	67.2	22
53	48	22
54	59.3	22
55	45	22
56	71.5	22
57	75	22
58	55	22
59	61	22
60	73	22
61	77	22
62	55.3	22
63	58	22
64	59.2	22
65	57.2	22
66	52	22
67	75	22
68	77.1	22
69	39.6	22
70	72	22
71	75	22
72	70	22
73	81.3	22
74	84.0	22
75	73	22
76	75	22
77	83.3	22
78	73	22
79	77	22
80	55.9	22
81	64	22
82	66.7	22
83	68	22
84	57	22
85	46	22
86	58	22
87	48	22
88	45	22
1	81.4	23
2	81.5	23
3	49	23
4	72	23
5	72	23
6	78.0	23
7	70	23
8	66	23
9	64	23
10	70	23
11	61	23
12	42.3	23
13	50	23
14	57	23
15	57.7	23
16	61	23
17	85	23
18	84.0	23
19	75	23
20	81	23
21	90.9	23
22	51.8	23
23	59	23
24	67.6	23
25	73	23
26	61	23
27	55	23
28	59	23
29	70	23
30	72	23
31	68	23
32	70	23
33	79.2	23
34	74	23
35	67.3	23
36	52	23
37	52	23
38	64.4	23
39	61	23
40	48	23
41	48	23
42	79	23
43	70	23
44	72	23
45	55	23
46	63	23
47	62.1	23
48	46	23
49	48	23
50	61	23
51	58.2	23
52	67.3	23
53	58.6	23
54	61.0	23
55	54	23
56	72.7	23
57	79	23
58	63	23
59	63	23
60	72.3	23
61	75	23
62	55	23
63	60	23
64	60.4	23
65	64.8	23
66	55	23
67	77	23
68	81	23
69	43	23
70	82.8	23
71	75	23
72	81	23
73	76.6	23
74	81	23
75	73	23
76	72	23
77	77	23
78	73	23
79	77	23
80	51.1	23
81	63	23
82	72.1	23
83	72	23
84	57	23
85	46	23
86	60.8	23
87	54	23
88	58.8	23
1	74.0	24
2	79	24
3	45	24
4	72	24
5	73	24
6	66.9	24
7	77	24
8	75	24
9	73	24
10	79	24
11	64	24
12	52	24
13	54.4	24
14	64	24
15	63.0	24
16	66	24
17	88	24
18	84	24
19	73	24
20	83	24
21	86	24
22	50.4	24
23	64	24
24	66.6	24
25	72	24
26	64	24
27	61	24
28	61	24
29	66	24
30	64	24
31	65.3	24
32	70	24
33	79.3	24
34	73	24
35	70	24
36	61	24
37	57.0	24
38	63	24
39	63	24
40	50	24
41	51.0	24
42	73	24
43	66	24
44	70	24
45	57.9	24
46	55	24
47	65.3	24
48	54	24
49	48	24
50	65	24
51	61.4	24
52	55	24
53	68.4	24
54	63	24
55	61	24
56	74.0	24
57	79	24
58	64	24
59	66	24
60	66.9	24
61	67.5	24
62	61	24
63	58	24
64	63	24
65	67.2	24
66	63	24
67	79	24
68	81	24
69	43	24
70	73	24
71	72.9	24
72	71.2	24
73	73	24
74	81	24
75	73	24
76	70	24
77	81	24
78	70	24
79	78.6	24
80	54	24
81	66.8	24
82	76.1	24
83	76.3	24
84	57	24
85	50	24
86	57	24
87	63	24
88	57	24
1	74.9	25
2	74	25
3	43	25
4	73	25
5	73.2	25
6	72.0	25
7	75	25
8	81	25
9	79	25
10	82	25
11	68	25
12	47.7	25
13	50.1	25
14	67	25
15	68	25
16	72	25
17	84	25
18	82	25
19	72	25
20	82	25
21	88	25
22	54	25
23	59.0	25
24	54	25
25	68.8	25
26	63	25
27	47.5	25
28	54	25
29	61	25
30	63	25
31	68	25
32	68	25
33	74.7	25
34	73	25
35	73	25
36	70	25
37	67.1	25
38	61	25
39	61	25
40	50	25
41	61	25
42	72	25
43	59	25
44	61	25
45	59	25
46	61	25
47	70	25
48	57	25
49	66	25
50	71	25
51	70	25
52	57	25
53	63.5	25
54	70	25
55	68	25
56	72	25
57	79	25
58	61	25
59	63	25
60	70	25
61	71.4	25
62	56.5	25
63	56	25
64	70	25
65	66	25
66	68	25
67	79	25
68	74	25
69	54	25
70	80.8	25
71	72	25
72	72	25
73	72	25
74	82	25
75	73	25
76	70	25
77	81	25
78	70	25
79	79	25
80	59	25
81	72	25
82	77	25
83	79	25
84	59	25
85	57	25
86	58	25
87	57.0	25
88	55	25
1	68.9	26
2	72	26
3	44	26
4	82	26
5	82	26
6	81	26
7	66	26
8	89.9	26
9	82.3	26
10	84	26
11	74.4	26
12	52.6	26
13	64	26
14	64	26
15	64	26
16	68	26
17	76	26
18	77.9	26
19	68	26
20	74	26
21	84	26
22	63	26
23	47.8	26
24	52	26
25	58.3	26
26	48.3	26
27	50	26
28	54	26
29	55	26
30	61	26
31	59.7	26
32	61	26
33	72.7	26
34	64	26
35	68	26
36	67.1	26
37	67.1	26
38	47	26
39	48.0	26
40	48	26
41	57	26
42	66.5	26
43	55	26
44	55.8	26
45	57.4	26
46	55	26
47	72.9	26
48	61.0	26
49	65.5	26
50	68.1	26
51	67.1	26
52	59	26
53	52.7	26
54	68.7	26
55	55.2	26
56	70.6	26
57	73	26
58	52	26
59	59	26
60	61.8	26
61	63.5	26
62	55	26
63	59	26
64	63.5	26
65	55	26
66	64.8	26
67	75	26
68	73	26
69	55	26
70	72.3	26
71	61.3	26
72	63	26
73	68	26
74	73	26
75	72	26
76	70	26
77	76.1	26
78	64	26
79	69.2	26
80	68	26
81	68.0	26
82	70	26
83	70	26
84	59.5	26
85	52	26
86	57	26
87	48	26
88	47.3	26
1	67.1	27
2	70	27
3	43	27
4	84	27
5	86	27
6	85.6	27
7	63	27
8	74.1	27
9	68.4	27
10	70	27
11	63	27
12	66.9	27
13	67.5	27
14	59	27
15	59.2	27
16	59.3	27
17	79	27
18	74.3	27
19	64	27
20	69	27
21	84	27
22	50	27
23	52	27
24	54	27
25	55.2	27
26	49.2	27
27	54	27
28	57	27
29	59	27
30	59	27
31	54	27
32	55	27
33	66	27
34	63	27
35	60.4	27
36	60.7	27
37	55.4	27
38	45	27
39	43	27
40	54	27
41	54	27
42	64	27
43	57	27
44	57	27
45	57.6	27
46	57	27
47	73.5	27
48	60.6	27
49	55	27
50	59	27
51	56.8	27
52	63.4	27
53	39.2	27
54	61	27
55	41	27
56	63	27
57	64	27
58	48	27
59	52	27
60	59.8	27
61	62	27
62	52	27
63	53	27
64	54	27
65	48	27
66	57	27
67	68.6	27
68	66	27
69	55	27
70	66.2	27
71	61.9	27
72	59	27
73	66	27
74	69.6	27
75	66	27
76	73	27
77	70	27
78	66	27
79	66.0	27
80	61.5	27
81	59	27
82	64	27
83	62.2	27
84	52.0	27
85	48.4	27
86	51	27
87	48	27
88	49.3	27
1	71.1	28
2	70	28
3	40	28
4	79	28
5	81	28
6	80.1	28
7	57.6	28
8	67	28
9	66.6	28
10	68	28
11	61	28
12	60.4	28
13	61.3	28
14	45	28
15	45	28
16	52.9	28
17	82	28
18	79	28
19	63	28
20	68	28
21	84	28
22	44	28
23	55	28
24	57.6	28
25	61.3	28
26	52	28
27	52	28
28	54	28
29	61	28
30	61	28
31	61	28
32	63	28
33	75.9	28
34	66	28
35	52.9	28
36	43	28
37	43.2	28
38	50.0	28
39	46	28
40	52	28
41	50.0	28
42	68	28
43	61	28
44	57	28
45	57.6	28
46	55	28
47	73.0	28
48	45	28
49	43	28
50	47	28
51	45	28
52	65.2	28
53	43	28
54	46.1	28
55	43	28
56	55	28
57	60.3	28
58	45	28
59	57.7	28
60	63.2	28
61	67	28
62	50	28
63	49	28
64	46.2	28
65	48	28
66	45	28
67	66	28
68	63	28
69	54	28
70	68.0	28
71	66	28
72	64	28
73	70	28
74	64.2	28
75	61	28
76	72	28
77	72.5	28
78	68	28
79	61	28
80	43	28
81	50	28
82	55	28
83	53	28
84	50	28
85	40.1	28
86	50	28
87	52	28
88	53.1	28
1	66.6	29
2	70	29
3	40	29
4	79	29
5	79	29
6	77.0	29
7	66	29
8	73	29
9	66	29
10	73	29
11	64.8	29
12	41	29
13	41.2	29
14	52.1	29
15	52	29
16	57	29
17	82	29
18	82	29
19	63	29
20	72	29
21	84	29
22	43.0	29
23	55.5	29
24	57	29
25	63	29
26	54	29
27	52.5	29
28	52	29
29	61	29
30	59	29
31	64	29
32	63	29
33	75	29
34	72	29
35	61	29
36	51.6	29
37	52.3	29
38	54	29
39	55.5	29
40	45	29
41	46.0	29
42	79	29
43	61	29
44	59	29
45	50.5	29
46	50	29
47	61	29
48	50	29
49	48.8	29
50	55.1	29
51	54.8	29
52	64.4	29
53	57.7	29
54	55	29
55	55	29
56	57.8	29
57	63	29
58	59	29
59	61.3	29
60	61	29
61	61	29
62	54	29
63	54	29
64	55	29
65	57	29
66	50	29
67	66	29
68	64.9	29
69	40.5	29
70	68.7	29
71	72	29
72	70	29
73	72	29
74	77	29
75	69.0	29
76	72	29
77	81	29
78	73	29
79	70	29
80	43.2	29
81	59	29
82	65	29
83	63	29
84	55	29
85	37.9	29
86	54	29
87	54	29
88	54.9	29
1	74.0	30
2	75	30
3	41	30
4	73	30
5	73	30
6	69.6	30
7	66	30
8	81.2	30
9	75	30
10	79	30
11	66.6	30
12	50	30
13	53.1	30
14	61	30
15	61.0	30
16	68	30
17	86	30
18	84.4	30
19	72	30
20	76	30
21	86	30
22	44.3	30
23	55.9	30
24	57.9	30
25	63	30
26	55	30
27	57	30
28	57	30
29	61	30
30	63	30
31	70	30
32	66.7	30
33	81.5	30
34	72	30
35	68	30
36	61	30
37	59.9	30
38	55	30
39	57.9	30
40	39	30
41	41	30
42	75	30
43	61	30
44	59.3	30
45	43	30
46	43	30
47	63	30
48	55	30
49	61	30
50	63	30
51	60.6	30
52	50	30
53	66	30
54	61	30
55	64	30
56	70.4	30
57	73	30
58	64	30
59	68.5	30
60	64.7	30
61	64	30
62	63	30
63	55	30
64	63	30
65	72	30
66	61	30
67	75	30
68	73.2	30
69	34	30
70	74.8	30
71	68.9	30
72	75	30
73	68	30
74	72	30
75	72	30
76	66	30
77	82	30
78	68	30
79	70.7	30
80	50	30
81	68	30
82	68	30
83	68.4	30
84	52	30
85	39	30
86	54	30
87	55	30
88	52	30
1	70.4	31
2	70	31
3	31	31
4	79	31
5	79	31
6	76.1	31
7	59	31
8	84	31
9	82	31
10	84	31
11	70.8	31
12	50.1	31
13	57	31
14	61	31
15	61	31
16	63	31
17	84	31
18	82.9	31
19	72	31
20	79	31
21	83	31
22	55	31
23	47.0	31
24	52	31
25	54.5	31
26	45.7	31
27	45	31
28	46	31
29	55	31
30	61	31
31	62	31
32	63	31
33	73.9	31
34	61	31
35	61	31
36	63	31
37	61	31
38	55	31
39	57.0	31
40	36	31
41	36	31
42	70.4	31
43	55	31
44	54	31
45	50	31
46	48	31
47	70	31
48	59	31
49	63	31
50	64	31
51	61.5	31
52	54	31
53	61.2	31
54	63	31
55	61	31
56	67.6	31
57	72.9	31
58	59	31
59	61	31
60	63	31
61	63.9	31
62	63	31
63	57	31
64	59	31
65	66.9	31
66	63	31
67	75	31
68	77	31
69	36	31
70	68	31
71	57	31
72	64.0	31
73	64	31
74	63	31
75	61	31
76	66	31
77	68	31
78	63	31
79	63	31
80	57	31
81	63	31
82	68.3	31
83	68	31
84	54	31
85	43	31
86	52.4	31
87	42.0	31
88	41.3	31
1	63.7	32
2	64	32
3	29	32
4	81	32
5	82	32
6	80.8	32
7	63	32
8	83	32
9	80.3	32
10	78	32
11	64	32
12	64.7	32
13	66.5	32
14	50	32
15	48.7	32
16	52.3	32
17	82	32
18	79	32
19	63	32
20	68	32
21	86.9	32
22	58.0	32
23	48	32
24	50	32
25	54	32
26	46	32
27	48.9	32
28	55	32
29	63	32
30	64	32
31	52	32
32	54	32
33	65.3	32
34	62	32
35	54.1	32
36	50	32
37	43.7	32
38	45	32
39	44.0	32
40	41	32
41	41	32
42	61	32
43	63	32
44	57	32
45	63	32
46	63	32
47	70	32
48	64.5	32
49	48	32
50	49	32
51	48	32
52	57.9	32
53	41.4	32
54	49.3	32
55	43	32
56	57.7	32
57	63	32
58	40.2	32
59	45.5	32
60	64	32
61	68	32
62	54	32
63	53	32
64	46	32
65	43.3	32
66	48	32
67	72.6	32
68	68	32
69	46	32
70	61.0	32
71	62.1	32
72	55.6	32
73	63.1	32
74	65.1	32
75	67.0	32
76	64	32
77	66	32
78	61	32
79	62.7	32
80	63.3	32
81	52	32
82	61	32
83	60	32
84	54	32
85	44.6	32
86	54	32
87	44.0	32
88	39	32
1	61.6	33
2	65	33
3	28	33
4	81	33
5	82	33
6	81.0	33
7	61	33
8	74.4	33
9	73.8	33
10	74	33
11	64	33
12	63	33
13	63	33
14	46	33
15	46.6	33
16	55	33
17	80.6	33
18	82	33
19	59	33
20	70	33
21	87.6	33
22	54	33
23	58.9	33
24	66	33
25	63	33
26	57	33
27	55.2	33
28	57.4	33
29	64	33
30	64	33
31	61	33
32	65.8	33
33	72.5	33
34	57.6	33
35	55	33
36	46	33
37	39.9	33
38	56	33
39	55	33
40	46	33
41	46	33
42	63	33
43	64	33
44	66	33
45	63	33
46	61	33
47	72	33
48	63.5	33
49	43	33
50	52	33
51	48.7	33
52	63	33
53	49.3	33
54	50	33
55	46	33
56	59	33
57	63	33
58	55	33
59	60.8	33
60	64.3	33
61	70.2	33
62	52.6	33
63	52	33
64	50	33
65	55	33
66	46	33
67	64	33
68	64	33
69	48.8	33
70	57.6	33
71	61	33
72	59	33
73	72	33
74	68	33
75	68	33
76	70	33
77	70	33
78	70	33
79	66	33
80	58.1	33
81	55	33
82	57	33
83	57.7	33
84	55	33
85	45	33
86	53	33
87	55	33
88	48.4	33
1	72.0	34
2	72	34
3	36	34
4	81	34
5	82.8	34
6	80.8	34
7	66.9	34
8	73.5	34
9	73	34
10	79	34
11	66.2	34
12	61	34
13	63	34
14	61	34
15	59.4	34
16	66	34
17	88	34
18	82.5	34
19	73	34
20	73	34
21	79.0	34
22	56.7	34
23	54.2	34
24	56.5	34
25	56.9	34
26	54	34
27	50.2	34
28	51.4	34
29	57	34
30	63	34
31	54	34
32	57.2	34
33	76.8	34
34	68	34
35	61	34
36	55.8	34
37	50.9	34
38	53	34
39	56	34
40	41.0	34
41	43	34
42	70	34
43	57	34
44	58	34
45	54	34
46	52	34
47	72	34
48	64.1	34
49	48	34
50	60	34
51	59.5	34
52	65.2	34
53	51.1	34
54	58.8	34
55	50	34
56	72	34
57	72	34
58	54	34
59	55	34
60	62.7	34
61	69.1	34
62	48	34
63	52	34
64	54.5	34
65	54	34
66	59	34
67	72	34
68	72	34
69	43	34
70	72.5	34
71	68.4	34
72	66	34
73	66.4	34
74	70	34
75	64	34
76	72	34
77	72	34
78	63.1	34
79	66.3	34
80	61	34
81	66	34
82	68	34
83	70	34
84	52	34
85	45	34
86	54	34
87	49.0	34
88	46.1	34
1	73.4	35
2	73	35
3	32	35
4	81	35
5	82	35
6	82	35
7	70	35
8	74.1	35
9	77.9	35
10	73	35
11	63	35
12	66	35
13	65.6	35
14	52	35
15	50.4	35
16	57	35
17	86	35
18	81.9	35
19	64	35
20	70	35
21	81	35
22	55.1	35
23	47.3	35
24	56.1	35
25	61	35
26	43.5	35
27	45.5	35
28	50	35
29	63	35
30	57	35
31	61	35
32	64	35
33	75.2	35
34	70	35
35	57	35
36	52	35
37	50.5	35
38	43.0	35
39	43	35
40	39	35
41	40.0	35
42	73	35
43	63	35
44	68	35
45	52.7	35
46	52	35
47	73	35
48	65.1	35
49	50.7	35
50	54	35
51	52	35
52	64	35
53	45	35
54	52.9	35
55	46	35
56	57.5	35
57	61	35
58	46	35
59	50	35
60	70	35
61	70.9	35
62	48	35
63	57	35
64	52	35
65	48.9	35
66	55.0	35
67	66.4	35
68	64	35
69	45.1	35
70	69.6	35
71	70	35
72	68	35
73	72	35
74	75	35
75	72	35
76	73	35
77	77	35
78	66	35
79	73.2	35
80	61.2	35
81	57	35
82	55.1	35
83	56.8	35
84	55	35
85	52	35
86	61	35
87	45	35
88	43	35
1	59.5	36
2	70	36
3	29	36
4	88	36
5	90	36
6	84.4	36
7	63	36
8	74	36
9	73.6	36
10	73	36
11	64	36
12	50.5	36
13	56.7	36
14	54	36
15	52.9	36
16	54	36
17	85	36
18	77.8	36
19	68	36
20	73	36
21	79	36
22	52	36
23	34	36
24	37.4	36
25	58.4	36
26	30.7	36
27	28	36
28	27	36
29	39	36
30	39	36
31	55.6	36
32	61	36
33	73.4	36
34	60.4	36
35	55	36
36	49.0	36
37	48.2	36
38	34	36
39	34	36
40	25	36
41	27	36
42	59.7	36
43	39.7	36
44	49.1	36
45	34	36
46	30	36
47	77	36
48	63.6	36
49	46	36
50	53.2	36
51	51.5	36
52	66.3	36
53	34.0	36
54	52	36
55	45	36
56	60.4	36
57	66.4	36
58	41.1	36
59	50	36
60	68.3	36
61	66	36
62	55	36
63	57	36
64	50.2	36
65	48.0	36
66	52	36
67	73	36
68	72	36
69	30	36
70	54	36
71	59.5	36
72	63	36
73	66.0	36
74	66	36
75	68	36
76	75	36
77	70.7	36
78	64.9	36
79	65.3	36
80	64	36
81	54	36
82	48	36
83	52	36
84	55	36
85	47.3	36
86	58.0	36
87	30	36
88	29.7	36
1	50	37
2	52	37
3	23	37
4	90	37
5	88	37
6	81.3	37
7	45	37
8	84	37
9	84	37
10	90	37
11	70	37
12	68	37
13	66	37
14	37	37
15	36	37
16	45	37
17	78	37
18	72.1	37
19	50	37
20	59	37
21	82.6	37
22	52	37
23	39	37
24	43	37
25	42.6	37
26	34	37
27	45	37
28	48	37
29	48	37
30	48	37
31	39	37
32	41	37
33	55	37
34	49.3	37
35	45	37
36	37	37
37	34.2	37
38	41.2	37
39	39	37
40	48	37
41	50	37
42	52	37
43	46.7	37
44	45	37
45	55	37
46	52	37
47	75	37
48	61	37
49	34.7	37
50	40	37
51	39	37
52	53.4	37
53	37.4	37
54	40.3	37
55	37	37
56	45	37
57	46	37
58	36	37
59	41.0	37
60	48	37
61	50	37
62	57	37
63	60	37
64	40.1	37
65	36.1	37
66	41.5	37
67	67.9	37
68	54	37
69	57	37
70	48.7	37
71	48	37
72	46	37
73	52	37
74	54	37
75	50	37
76	54	37
77	56.3	37
78	55	37
79	52	37
80	57.6	37
81	45	37
82	43	37
83	43.7	37
84	61	37
85	45	37
86	55.0	37
87	41	37
88	45.9	37
1	57	38
2	59.5	38
3	32	38
4	81	38
5	84	38
6	78.3	38
7	55	38
8	89	38
9	86.2	38
10	90	38
11	63	38
12	63	38
13	63.6	38
14	52	38
15	50	38
16	54	38
17	77	38
18	76.4	38
19	57	38
20	63	38
21	81	38
22	57	38
23	49.1	38
24	54	38
25	55	38
26	48	38
27	50.7	38
28	54	38
29	54	38
30	55	38
31	54	38
32	55	38
33	64.8	38
34	55	38
35	59	38
36	52	38
37	48.4	38
38	50	38
39	50	38
40	48.2	38
41	47.0	38
42	61	38
43	55	38
44	55	38
45	54	38
46	52	38
47	77	38
48	61.4	38
49	50.4	38
50	54	38
51	52	38
52	55	38
53	48	38
54	52	38
55	52	38
56	57	38
57	57	38
58	48	38
59	52	38
60	54	38
61	55.2	38
62	52	38
63	52	38
64	52	38
65	48.4	38
66	52	38
67	63	38
68	57	38
69	55	38
70	60.3	38
71	57	38
72	57	38
73	57	38
74	59	38
75	57	38
76	66	38
77	63	38
78	64	38
79	61	38
80	55.8	38
81	54	38
82	57	38
83	57	38
84	58.3	38
85	45	38
86	54.9	38
87	46	38
88	49.3	38
1	57.4	39
2	65.5	39
3	32	39
4	79	39
5	81	39
6	79.5	39
7	54	39
8	81.5	39
9	78.5	39
10	81	39
11	59	39
12	63	39
13	63.3	39
14	54.7	39
15	55	39
16	59	39
17	80	39
18	72.1	39
19	57	39
20	64	39
21	81	39
22	48.4	39
23	49.9	39
24	52	39
25	51.4	39
26	49.2	39
27	57.9	39
28	55	39
29	57	39
30	61	39
31	55.4	39
32	55	39
33	74.3	39
34	63	39
35	57	39
36	61	39
37	60.1	39
38	50.2	39
39	50.4	39
40	54	39
41	57	39
42	64	39
43	57	39
44	57	39
45	57	39
46	54	39
47	72	39
48	63.4	39
49	57.3	39
50	58	39
51	57.8	39
52	57.9	39
53	50	39
54	55.7	39
55	55	39
56	61.6	39
57	63	39
58	52	39
59	55.0	39
60	63	39
61	62.2	39
62	52	39
63	51	39
64	55.8	39
65	55.0	39
66	64.6	39
67	66	39
68	63	39
69	55.8	39
70	48.4	39
71	57	39
72	57	39
73	73	39
74	77	39
75	68	39
76	70	39
77	77	39
78	73	39
79	73.4	39
80	57	39
81	61	39
82	63	39
83	64	39
84	52	39
85	43	39
86	50	39
87	54	39
88	57.6	39
1	68.2	40
2	64	40
3	27	40
4	79.0	40
5	81	40
6	75.7	40
7	68	40
8	67	40
9	64.8	40
10	66	40
11	59.5	40
12	57.1	40
13	59.8	40
14	58.3	40
15	59	40
16	54	40
17	77	40
18	73	40
19	63	40
20	76	40
21	83.3	40
22	45.2	40
23	54	40
24	59.5	40
25	63	40
26	55	40
27	61	40
28	66	40
29	70	40
30	73	40
31	61	40
32	61	40
33	81	40
34	70	40
35	55	40
36	60.5	40
37	60.5	40
38	55	40
39	54	40
40	50.5	40
41	51.0	40
42	75	40
43	68	40
44	61	40
45	63	40
46	64	40
47	72.0	40
48	57	40
49	59	40
50	61.6	40
51	61	40
52	57	40
53	59	40
54	61	40
55	61	40
56	67.8	40
57	70	40
58	57.8	40
59	58.1	40
60	72	40
61	73	40
62	52.3	40
63	52	40
64	59	40
65	61	40
66	64.0	40
67	75	40
68	73	40
69	50	40
70	55	40
71	66	40
72	63	40
73	81	40
74	81	40
75	73	40
76	72	40
77	79	40
78	77	40
79	75	40
80	43	40
81	54	40
82	64.7	40
83	64.6	40
84	52	40
85	39	40
86	48	40
87	54	40
88	46.6	40
1	70	41
2	72	41
3	25	41
4	72	41
5	72	41
6	74.1	41
7	82	41
8	66	41
9	64	41
10	66	41
11	59.1	41
12	52	41
13	52.6	41
14	57.0	41
15	58.1	41
16	64	41
17	86	41
18	82.9	41
19	64	41
20	75	41
21	86.2	41
22	46	41
23	68.6	41
24	70	41
25	68	41
26	64	41
27	62.8	41
28	63.9	41
29	68	41
30	70	41
31	64	41
32	66	41
33	81	41
34	82	41
35	64	41
36	56.2	41
37	52	41
38	63	41
39	63	41
40	48	41
41	48.0	41
42	79	41
43	68	41
44	72	41
45	56.7	41
46	59	41
47	66.3	41
48	54	41
49	45	41
50	61	41
51	57.6	41
52	60.0	41
53	63	41
54	61	41
55	59	41
56	70.5	41
57	73	41
58	61	41
59	61	41
60	72	41
61	76.1	41
62	52	41
63	50	41
64	63	41
65	61	41
66	59.0	41
67	73.2	41
68	68	41
69	47.0	41
70	64	41
71	75	41
72	66	41
73	84	41
74	90	41
75	84	41
76	72	41
77	86	41
78	73	41
79	88	41
80	53.1	41
81	64	41
82	70.1	41
83	73.8	41
84	50	41
85	39.9	41
86	54	41
87	61	41
88	57	41
1	72	42
2	81	42
3	18	42
4	72	42
5	75	42
6	77	42
7	73	42
8	66.5	42
9	66	42
10	66	42
11	57	42
12	59	42
13	59	42
14	63	42
15	64.9	42
16	70	42
17	84.1	42
18	83.7	42
19	75	42
20	79	42
21	87.8	42
22	49.3	42
23	48.8	42
24	54.3	42
25	63.9	42
26	51.1	42
27	45.0	42
28	47.4	42
29	57.6	42
30	59	42
31	66	42
32	70	42
33	79	42
34	74.8	42
35	70	42
36	66	42
37	61	42
38	59	42
39	58	42
40	37.2	42
41	39.0	42
42	74.6	42
43	58.8	42
44	66.7	42
45	57.4	42
46	49.4	42
47	66.5	42
48	57.8	42
49	63.3	42
50	67	42
51	64	42
52	56.5	42
53	63.9	42
54	64	42
55	61.4	42
56	75	42
57	79	42
58	58.5	42
59	61	42
60	64.7	42
61	66	42
62	53.6	42
63	54	42
64	63	42
65	61	42
66	70.2	42
67	82	42
68	82	42
69	43	42
70	72.1	42
71	75	42
72	70	42
73	76.6	42
74	81	42
75	74.8	42
76	68	42
77	80.8	42
78	67.6	42
79	77.1	42
80	57.9	42
81	70	42
82	72	42
83	75.0	42
84	52	42
85	48	42
86	54	42
87	46	42
88	45	42
1	59.4	43
2	63.7	43
3	10.3	43
4	79	43
5	79.6	43
6	76.8	43
7	59	43
8	67	43
9	65.5	43
10	65	43
11	57	43
12	58.3	43
13	61.8	43
14	57	43
15	57.2	43
16	61	43
17	82.2	43
18	79	43
19	61	43
20	74	43
21	81	43
22	45.5	43
23	40.5	43
24	46	43
25	48.9	43
26	45	43
27	43.7	43
28	54	43
29	61	43
30	57	43
31	46.4	43
32	50.5	43
33	67.1	43
34	64.0	43
35	61	43
36	57.4	43
37	54.7	43
38	41.7	43
39	39	43
40	46	43
41	45	43
42	63.5	43
43	59	43
44	51.8	43
45	63	43
46	61	43
47	66.9	43
48	54.1	43
49	54	43
50	60	43
51	56.4	43
52	56.2	43
53	39.4	43
54	61	43
55	41	43
56	63	43
57	68.4	43
58	39.1	43
59	46.0	43
60	59	43
61	57.9	43
62	55	43
63	54	43
64	55.8	43
65	46	43
66	54.3	43
67	74.9	43
68	71	43
69	55	43
70	56.3	43
71	55.2	43
72	54	43
73	69.3	43
74	72	43
75	66.9	43
76	70	43
77	72	43
78	66	43
79	70	43
80	57	43
81	61	43
82	59	43
83	63	43
84	55	43
85	55	43
86	54	43
87	36	43
88	38.5	43
1	63	44
2	65.1	44
3	7	44
4	75	44
5	77	44
6	77	44
7	59	44
8	66	44
9	64.4	44
10	66	44
11	64	44
12	59	44
13	59.3	44
14	46	44
15	49.3	44
16	48	44
17	85.2	44
18	82	44
19	54	44
20	61	44
21	81	44
22	49.7	44
23	43.8	44
24	44.4	44
25	54	44
26	43	44
27	43	44
28	52	44
29	59	44
30	61	44
31	54	44
32	54	44
33	72	44
34	63	44
35	47.8	44
36	43	44
37	41.7	44
38	46.8	44
39	45	44
40	45	44
41	45	44
42	70	44
43	59	44
44	43.7	44
45	61	44
46	57	44
47	66	44
48	54	44
49	40.6	44
50	46	44
51	45	44
52	64.1	44
53	44.1	44
54	45.3	44
55	37	44
56	52	44
57	55	44
58	45.1	44
59	49.8	44
60	59	44
61	58	44
62	50	44
63	49	44
64	46.2	44
65	48	44
66	47.5	44
67	59	44
68	59	44
69	54	44
70	64.9	44
71	63	44
72	63	44
73	72	44
74	70	44
75	64.5	44
76	70	44
77	70	44
78	70	44
79	64	44
80	54	44
81	48	44
82	52	44
83	52.5	44
84	46	44
85	52	44
86	49	44
87	43	44
88	50.0	44
1	63	45
2	68	45
3	7	45
4	73	45
5	73	45
6	72.9	45
7	59	45
8	64	45
9	65.5	45
10	64	45
11	58.4	45
12	54.1	45
13	57.2	45
14	46	45
15	49.1	45
16	48	45
17	81	45
18	84	45
19	54	45
20	68	45
21	86.2	45
22	41.0	45
23	52	45
24	50.0	45
25	63	45
26	49.4	45
27	43	45
28	43	45
29	50.4	45
30	57.4	45
31	63	45
32	64	45
33	70	45
34	70	45
35	50	45
36	46	45
37	46.0	45
38	46.6	45
39	46	45
40	38.1	45
41	38.0	45
42	73	45
43	48	45
44	49.2	45
45	56.5	45
46	48	45
47	67.7	45
48	48	45
49	47.1	45
50	52	45
51	50.5	45
52	52	45
53	45.0	45
54	52	45
55	46.9	45
56	61	45
57	66	45
58	43	45
59	57.6	45
60	64.7	45
61	61	45
62	43	45
63	45	45
64	50	45
65	55	45
66	46	45
67	72	45
68	61	45
69	42.3	45
70	63.3	45
71	68	45
72	64.4	45
73	73.2	45
74	79	45
75	72	45
76	72	45
77	79.0	45
78	73	45
79	79	45
80	50	45
81	50	45
82	58.9	45
83	60.6	45
84	45	45
85	31.6	45
86	45	45
87	45	45
88	43.0	45
1	64.6	46
2	64.6	46
3	27	46
4	72	46
5	70	46
6	72.7	46
7	61	46
8	63	46
9	61	46
10	64	46
11	63.4	46
12	30	46
13	32	46
14	52	46
15	55.4	46
16	61	46
17	83.5	46
18	83.6	46
19	63	46
20	77	46
21	83	46
22	40.0	46
23	48.5	46
24	48.7	46
25	54	46
26	46.1	46
27	36.7	46
28	28	46
29	35	46
30	28	46
31	58.1	46
32	57.4	46
33	72	46
34	70.3	46
35	61	46
36	47.9	46
37	46	46
38	46	46
39	46	46
40	28	46
41	28	46
42	66	46
43	35.9	46
44	50.7	46
45	27	46
46	27	46
47	54	46
48	37.2	46
49	43	46
50	57	46
51	56.7	46
52	51.7	46
53	48.0	46
54	55	46
55	48	46
56	70	46
57	73.4	46
58	50	46
59	54	46
60	45	46
61	46	46
62	43	46
63	46	46
64	54	46
65	54	46
66	52	46
67	73	46
68	74	46
69	27	46
70	63	46
71	61.7	46
72	61.2	46
73	61	46
74	75	46
75	72	46
76	70	46
77	77.0	46
78	41	46
79	73.0	46
80	42.4	46
81	61	46
82	73	46
83	73.4	46
84	45	46
85	30	46
86	48	46
87	43	46
88	39.4	46
1	63	47
2	64.2	47
3	30	47
4	56.3	47
5	57	47
6	51	47
7	46	47
8	64	47
9	64.4	47
10	64	47
11	70.8	47
12	32.9	47
13	33.0	47
14	52	47
15	54	47
16	58.3	47
17	84	47
18	83.7	47
19	65.4	47
20	74	47
21	90.3	47
22	39.2	47
23	36.7	47
24	36.1	47
25	43.3	47
26	36	47
27	25.5	47
28	21	47
29	28	47
30	37	47
31	46	47
32	53.1	47
33	66.0	47
34	54.5	47
35	58.5	47
36	50	47
37	48.0	47
38	35	47
39	36	47
40	30	47
41	29.0	47
42	64.0	47
43	29.2	47
44	37.1	47
45	27.9	47
46	27	47
47	47.6	47
48	46	47
49	43	47
50	57	47
51	54.9	47
52	37.3	47
53	40.3	47
54	55	47
55	46	47
56	65.0	47
57	65.1	47
58	39	47
59	45	47
60	37	47
61	39	47
62	45	47
63	50	47
64	50.7	47
65	48	47
66	50	47
67	73	47
68	66	47
69	23.9	47
70	58.8	47
71	46.6	47
72	50.2	47
73	32	47
74	41	47
75	39.5	47
76	39	47
77	47.7	47
78	30	47
79	39	47
80	46	47
81	59	47
82	66	47
83	66	47
84	48	47
85	34	47
86	49	47
87	31.0	47
88	30	47
1	45.9	48
2	55	48
3	36	48
4	57	48
5	57	48
6	58.0	48
7	43	48
8	64	48
9	64	48
10	64	48
11	64.6	48
12	32.2	48
13	33.0	48
14	39.0	48
15	38.5	48
16	45	48
17	79	48
18	73.0	48
19	55.3	48
20	65	48
21	81.3	48
22	37.8	48
23	26.1	48
24	27	48
25	30.6	48
26	25.4	48
27	27.1	48
28	27	48
29	28	48
30	28.0	48
31	30	48
32	31.5	48
33	54	48
34	45.1	48
35	45.7	48
36	37.8	48
37	34.2	48
38	25	48
39	25	48
40	28	48
41	28	48
42	46	48
43	27	48
44	28	48
45	33.1	48
46	30	48
47	54.1	48
48	46.2	48
49	34	48
50	42	48
51	39.0	48
52	32.9	48
53	23.5	48
54	41	48
55	28	48
56	52	48
57	57.0	48
58	24.3	48
59	28	48
60	36.8	48
61	37	48
62	47.0	48
63	51	48
64	37	48
65	28	48
66	38	48
67	67.7	48
68	61	48
69	36	48
70	45	48
71	40.6	48
72	38.2	48
73	37	48
74	43	48
75	41	48
76	37	48
77	48.2	48
78	28	48
79	41	48
80	51.4	48
81	45	48
82	48	48
83	45	48
84	48	48
85	36	48
86	52	48
87	25	48
88	24.1	48
1	47.2	49
2	54	49
3	28	49
4	58.5	49
5	59	49
6	55.3	49
7	34	49
8	70	49
9	66	49
10	70	49
11	62.2	49
12	41.2	49
13	36.4	49
14	34	49
15	32.9	49
16	36	49
17	78	49
18	74.6	49
19	45	49
20	52	49
21	88.0	49
22	39.6	49
23	30.4	49
24	34.5	49
25	37.2	49
26	30.9	49
27	34	49
28	37	49
29	37	49
30	36	49
31	43	49
32	42.3	49
33	49.3	49
34	40.3	49
35	39	49
36	34	49
37	31.7	49
38	30	49
39	32	49
40	39	49
41	39	49
42	43	49
43	39.3	49
44	36	49
45	46	49
46	41	49
47	61	49
48	47.7	49
49	32	49
50	36.8	49
51	34.6	49
52	45	49
53	34	49
54	36	49
55	34	49
56	43	49
57	43	49
58	30.5	49
59	36	49
60	32.2	49
61	36	49
62	48	49
63	50	49
64	34	49
65	36	49
66	36.0	49
67	50	49
68	48	49
69	41	49
70	45	49
71	36.1	49
72	41.2	49
73	37.2	49
74	39	49
75	37	49
76	43	49
77	45.5	49
78	37	49
79	37	49
80	49.6	49
81	37	49
82	39.4	49
83	39.4	49
84	50	49
85	37	49
86	48	49
87	28	49
88	34.9	49
1	44.5	51
2	50	51
3	41	51
4	67.5	51
5	66.1	51
6	61.1	51
7	41	51
8	73	51
9	75	51
10	75	51
11	59.2	51
12	59	51
13	63	51
14	59.6	51
15	61	51
16	43	51
17	74	51
18	72	51
19	46.9	51
20	72	51
21	81	51
22	43	51
23	30.0	51
24	28	51
25	31.2	51
26	27	51
27	25.7	51
28	27	51
29	34	51
30	37	51
31	32	51
32	36	51
33	48	51
34	58	51
35	45	51
36	61.7	51
37	59	51
38	28	51
39	30.6	51
40	21.2	51
41	25	51
42	41	51
43	32	51
44	30.3	51
45	36	51
46	32	51
47	62.9	51
48	52	51
49	54	51
50	59.4	51
51	59.3	51
52	45.5	51
53	32	51
54	61	51
55	36	51
56	48.4	51
57	66.2	51
58	32	51
59	32	51
60	37	51
61	40.3	51
62	45	51
63	48	51
64	47.1	51
65	32.4	51
66	61	51
67	68	51
68	50	51
69	30	51
70	37	51
71	34.2	51
72	36	51
73	48	51
74	52	51
75	45.3	51
76	48	51
77	50	51
78	50	51
79	46.2	51
80	52	51
81	43	51
82	68	51
83	68	51
84	54	51
85	39	51
86	48	51
87	28	51
88	29.7	51
1	46	52
2	50	52
3	31	52
4	68	52
5	68	52
6	68.3	52
7	52	52
8	70	52
9	66.4	52
10	70	52
11	61.7	52
12	50.3	52
13	57.2	52
14	39	52
15	37.4	52
16	39	52
17	70	52
18	63	52
19	48	52
20	50	52
21	84	52
22	46	52
23	35.6	52
24	41	52
25	41	52
26	30	52
27	32.2	52
28	34	52
29	43	52
30	50	52
31	36	52
32	39	52
33	50	52
34	61	52
35	40.5	52
36	45.1	52
37	38.5	52
38	27.1	52
39	28.6	52
40	28	52
41	28	52
42	48	52
43	43	52
44	46.6	52
45	36	52
46	36	52
47	61.3	52
48	46	52
49	41	52
50	40	52
51	38.3	52
52	48	52
53	28.9	52
54	39	52
55	32	52
56	45	52
57	45	52
58	28.4	52
59	28	52
60	55.6	52
61	55	52
62	46	52
63	48	52
64	35.2	52
65	29.8	52
66	43	52
67	50	52
68	48	52
69	28	52
70	47.1	52
71	45	52
72	45	52
73	57	52
74	55	52
75	52.5	52
76	55	52
77	57	52
78	55	52
79	52.7	52
80	48.2	52
81	39	52
82	41	52
83	42.1	52
84	52	52
85	37	52
86	50	52
87	28	52
88	30.4	52
1	59	53
2	59	53
3	16	53
4	72	53
5	73	53
6	72.0	53
7	55	53
8	67	53
9	65.0	53
10	66	53
11	64	53
12	61.8	53
13	63.9	53
14	37	53
15	37.6	53
16	45	53
17	78	53
18	75.4	53
19	59	53
20	61	53
21	85.3	53
22	46	53
23	36	53
24	39	53
25	46	53
26	35.0	53
27	36	53
28	41	53
29	52	53
30	54	53
31	45	53
32	45	53
33	61	53
34	55	53
35	44.8	53
36	34	53
37	34.2	53
38	34	53
39	32	53
40	34	53
41	34	53
42	57	53
43	50	53
44	45	53
45	48	53
46	45	53
47	61.6	53
48	50	53
49	31.1	53
50	40	53
51	37.6	53
52	52	53
53	34.0	53
54	41.2	53
55	27.5	53
56	50.8	53
57	54	53
58	34	53
59	37.8	53
60	55	53
61	56.3	53
62	46	53
63	43.4	53
64	36.7	53
65	36	53
66	39.9	53
67	57	53
68	56	53
69	37	53
70	54.5	53
71	57.4	53
72	52	53
73	59	53
74	63	53
75	57	53
76	63	53
77	64	53
78	61	53
79	57.7	53
80	52	53
81	45	53
82	45	53
83	45	53
84	48	53
85	31.6	53
86	46	53
87	30	53
88	28.7	53
1	57.8	54
2	61	54
3	4.7	54
4	70	54
5	72	54
6	70	54
7	61	54
8	73	54
9	68	54
10	72	54
11	61	54
12	58.3	54
13	62.9	54
14	34	54
15	34.7	54
16	39	54
17	76	54
18	75	54
19	50	54
20	61	54
21	81.5	54
22	45	54
23	50.8	54
24	54	54
25	55	54
26	46	54
27	49.6	54
28	54	54
29	55	54
30	61	54
31	54	54
32	55	54
33	66.9	54
34	64	54
35	40.6	54
36	34.8	54
37	34.2	54
38	45	54
39	41	54
40	39.2	54
41	40.0	54
42	64	54
43	54.5	54
44	57	54
45	61	54
46	55	54
47	63.3	54
48	52	54
49	33.7	54
50	39.6	54
51	35.5	54
52	54	54
53	37.8	54
54	36.7	54
55	30	54
56	49.1	54
57	52	54
58	40.0	54
59	43.9	54
60	60.4	54
61	61	54
62	52	54
63	48	54
64	36	54
65	39.9	54
66	35.8	54
67	59	54
68	54	54
69	48	54
70	56.5	54
71	57.7	54
72	57	54
73	68	54
74	66	54
75	64	54
76	63	54
77	72	54
78	66	54
79	61	54
80	54	54
81	39	54
82	46.6	54
83	50	54
84	52	54
85	37	54
86	48	54
87	46	54
88	40.3	54
1	59.6	55
2	61.5	55
3	14.0	55
4	66	55
5	68	55
6	68	55
7	62.8	55
8	82.8	55
9	72	55
10	81	55
11	63	55
12	55	55
13	56.6	55
14	48	55
15	48.2	55
16	46.6	55
17	77	55
18	76.7	55
19	56.1	55
20	60	55
21	79	55
22	46	55
23	46.0	55
24	52	55
25	56.5	55
26	42.2	55
27	45.7	55
28	46	55
29	55	55
30	61	55
31	50.2	55
32	57.6	55
33	70.5	55
34	65.3	55
35	46	55
36	46	55
37	36	55
38	45	55
39	43	55
40	37	55
41	37.0	55
42	66.4	55
43	55	55
44	58.1	55
45	48	55
46	47.0	55
47	63	55
48	52	55
49	36	55
50	50.2	55
51	48.0	55
52	52	55
53	40.6	55
54	49.0	55
55	38.4	55
56	59	55
57	58.5	55
58	40.2	55
59	46	55
60	54	55
61	55.0	55
62	57.2	55
63	55	55
64	45.1	55
65	45	55
66	45	55
67	61	55
68	61	55
69	36	55
70	58.6	55
71	61	55
72	54	55
73	63.0	55
74	72.4	55
75	68.1	55
76	61	55
77	72	55
78	70	55
79	70.1	55
80	54	55
81	46.8	55
82	54.1	55
83	54.7	55
84	55	55
85	46	55
86	57	55
87	41	55
88	38.3	55
1	56.1	56
2	70	56
3	9.1	56
4	66	56
5	70	56
6	66.8	56
7	63.4	56
8	80	56
9	73.3	56
10	73	56
11	63.0	56
12	59	56
13	60.4	56
14	45	56
15	45.7	56
16	48	56
17	74	56
18	71.2	56
19	54.6	56
20	67	56
21	79	56
22	54	56
23	43	56
24	48	56
25	57	56
26	40.6	56
27	43.7	56
28	52	56
29	57	56
30	55	56
31	55	56
32	57	56
33	75	56
34	70	56
35	50.0	56
36	41.8	56
37	38.8	56
38	39.0	56
39	39	56
40	37	56
41	38.0	56
42	72	56
43	58.0	56
44	55	56
45	64	56
46	55.6	56
47	61	56
48	61	56
49	39	56
50	51.0	56
51	48.1	56
52	50	56
53	39.0	56
54	50.5	56
55	39.8	56
56	57.4	56
57	61.3	56
58	39.6	56
59	46	56
60	55	56
61	61.5	56
62	56.2	56
63	55	56
64	46	56
65	48	56
66	43	56
67	66	56
68	61	56
69	48	56
70	52	56
71	61	56
72	55	56
73	70	56
74	82	56
75	68	56
76	64	56
77	77	56
78	72	56
79	75.5	56
80	57	56
81	48.8	56
82	56.4	56
83	57.7	56
84	54	56
85	46	56
86	56	56
87	39	56
88	40.1	56
1	63	57
2	66	57
3	12	57
4	70	57
5	70	57
6	70	57
7	55	57
8	72	57
9	70.2	57
10	68.0	57
11	57	57
12	55	57
13	59.2	57
14	48.2	57
15	52	57
16	55	57
17	79	57
18	77	57
19	56.8	57
20	67	57
21	79	57
22	38.0	57
23	50	57
24	52	57
25	59	57
26	48	57
27	43	57
28	48	57
29	61	57
30	57	57
31	57	57
32	59.5	57
33	81	57
34	75	57
35	55	57
36	48	57
37	49.6	57
38	37	57
39	37	57
40	36	57
41	36	57
42	75	57
43	59.6	57
44	57	57
45	51.3	57
46	52.9	57
47	68	57
48	52.8	57
49	48	57
50	55	57
51	52.7	57
52	61	57
53	39.4	57
54	54.1	57
55	42.1	57
56	57	57
57	59.4	57
58	50	57
59	54	57
60	64	57
61	60.6	57
62	41.2	57
63	41	57
64	52.2	57
65	54.7	57
66	50.5	57
67	65.7	57
68	63	57
69	42.0	57
70	55	57
71	61	57
72	59.0	57
73	82.8	57
74	84	57
75	73	57
76	72	57
77	81	57
78	75	57
79	83.1	57
80	55	57
81	55.9	57
82	61	57
83	60.8	57
84	43	57
85	30.7	57
86	43	57
87	39	57
88	36.3	57
1	73	58
2	77	58
3	19	58
4	72	58
5	72	58
6	71	58
7	75	58
8	63.9	58
9	61	58
10	63	58
11	54	58
12	25	58
13	25.1	58
14	48	58
15	48	58
16	55.9	58
17	83	58
18	79	58
19	70	58
20	81	58
21	79	58
22	30	58
23	54	58
24	61	58
25	70	58
26	54	58
27	48.4	58
28	39.3	58
29	55	58
30	54	58
31	66	58
32	70	58
33	81	58
34	77	58
35	54.0	58
36	45	58
37	43.2	58
38	52	58
39	52	58
40	34	58
41	34	58
42	79	58
43	55	58
44	66	58
45	36.7	58
46	39	58
47	67.9	58
48	24.9	58
49	41	58
50	52.0	58
51	51.5	58
52	59.9	58
53	55.0	58
54	52	58
55	45	58
56	63	58
57	65.1	58
58	58.2	58
59	61	58
60	54.1	58
61	58	58
62	38.7	58
63	38	58
64	51.1	58
65	57.4	58
66	49.6	58
67	75.8	58
68	70	58
69	28.3	58
70	73	58
71	75	58
72	75	58
73	77	58
74	73	58
75	77	58
76	70	58
77	81	58
78	72	58
79	73.0	58
80	25	58
81	57	58
82	63	58
83	63.7	58
84	39	58
85	25	58
86	38	58
87	46	58
88	37	58
1	74.7	59
2	80.1	59
3	28	59
4	55	59
5	57	59
6	54.2	59
7	68	59
8	59	59
9	58.7	59
10	59	59
11	48	59
12	8.0	59
13	11.9	59
14	54	59
15	54.5	59
16	66	59
17	83	59
18	83.8	59
19	70	59
20	81	59
21	84.7	59
22	23.4	59
23	57.3	59
24	54.1	59
25	66	59
26	57	59
27	32.0	59
28	23	59
29	28	59
30	27	59
31	64	59
32	70	59
33	81.9	59
34	70	59
35	63	59
36	49.1	59
37	40.5	59
38	57	59
39	57.7	59
40	28	59
41	29.0	59
42	79	59
43	28.0	59
44	60	59
45	18.7	59
46	19	59
47	42.7	59
48	21	59
49	37	59
50	58	59
51	54.9	59
52	41.1	59
53	61	59
54	60	59
55	57.9	59
56	66.6	59
57	72	59
58	59	59
59	63	59
60	35.5	59
61	37	59
62	32.0	59
63	32	59
64	54.0	59
65	63	59
66	50	59
67	75.3	59
68	67.9	59
69	11.1	59
70	76.1	59
71	72.1	59
72	70	59
73	57	59
74	66.4	59
75	63	59
76	65.5	59
77	75	59
78	53	59
79	68.1	59
80	21.9	59
81	69.2	59
82	68.2	59
83	68.2	59
84	37	59
85	20.3	59
86	34	59
87	54	59
88	45	59
1	72	60
2	81	60
3	34	60
4	52	60
5	54	60
6	50.9	60
7	36	60
8	59	60
9	59	60
10	58	60
11	50	60
12	7.2	60
13	7.1	60
14	54	60
15	54	60
16	63	60
17	85.3	60
18	84.9	60
19	73	60
20	83	60
21	82	60
22	25.6	60
23	26.0	60
24	23.0	60
25	31.0	60
26	28.8	60
27	16.7	60
28	16	60
29	19	60
30	21	60
31	39	60
32	37	60
33	74.1	60
34	41.2	60
35	64	60
36	56.5	60
37	54.0	60
38	43	60
39	36.2	60
40	5	60
41	5.0	60
42	55.7	60
43	19.7	60
44	26.7	60
45	13.6	60
46	12	60
47	41	60
48	28	60
49	46	60
50	61	60
51	55.4	60
52	30.2	60
53	43	60
54	61	60
55	52	60
56	79	60
57	81	60
58	37	60
59	37	60
60	25	60
61	24.8	60
62	29.0	60
63	29	60
64	59	60
65	50	60
66	57.0	60
67	75	60
68	80	60
69	-0.9	60
70	70.2	60
71	37.2	60
72	38.5	60
73	25	60
74	36	60
75	31.0	60
76	52	60
77	43	60
78	27	60
79	32	60
80	21	60
81	64.5	60
82	79	60
83	79	60
84	34	60
85	18	60
86	30	60
87	21	60
88	18	60
1	47.0	61
2	75.0	61
3	34	61
4	54	61
5	55	61
6	54.5	61
7	28	61
8	56	61
9	59	61
10	55	61
11	54	61
12	9	61
13	8.3	61
14	39.5	61
15	40.3	61
16	45	61
17	84	61
18	83.4	61
19	70	61
20	79	61
21	83.8	61
22	25.4	61
23	22.6	61
24	23	61
25	25	61
26	25	61
27	14.5	61
28	16	61
29	21	61
30	23	61
31	30	61
32	28.6	61
33	43.3	61
34	36.5	61
35	46.4	61
36	45	61
37	38.9	61
38	26	61
39	27	61
40	1.4	61
41	2.0	61
42	37	61
43	21	61
44	24.5	61
45	10.9	61
46	10	61
47	49.7	61
48	31.0	61
49	39	61
50	42	61
51	41.1	61
52	32.0	61
53	31.3	61
54	41.5	61
55	36	61
56	72	61
57	72	61
58	28.8	61
59	28	61
60	19	61
61	21.4	61
62	26.8	61
63	30	61
64	37	61
65	30	61
66	45	61
67	73.1	61
68	72	61
69	0	61
70	45.3	61
71	28.6	61
72	34.2	61
73	21.7	61
74	32	61
75	28	61
76	46	61
77	38.3	61
78	22	61
79	28.5	61
80	28	61
81	45	61
82	69.8	61
83	71	61
84	30	61
85	18	61
86	28	61
87	18	61
88	11.5	61
1	52.2	62
2	63	62
3	34	62
4	57.1	62
5	57.2	62
6	54.4	62
7	28	62
8	57	62
9	55	62
10	57	62
11	46	62
12	17.0	62
13	22.5	62
14	34	62
15	35.2	62
16	37.3	62
17	84	62
18	84.2	62
19	54.1	62
20	73	62
21	82.9	62
22	16	62
23	25.1	62
24	26.6	62
25	30	62
26	25.3	62
27	21.0	62
28	19	62
29	25	62
30	23	62
31	34	62
32	31.1	62
33	45	62
34	36	62
35	39.9	62
36	34	62
37	29.2	62
38	25	62
39	27	62
40	12	62
41	11.0	62
42	43	62
43	23	62
44	25.1	62
45	18.9	62
46	18	62
47	50.1	62
48	19	62
49	30	62
50	37.0	62
51	33.8	62
52	35.1	62
53	28.8	62
54	36	62
55	32	62
56	45.4	62
57	46.8	62
58	27.6	62
59	28	62
60	28	62
61	30	62
62	21.6	62
63	24.7	62
64	34	62
65	28	62
66	32.0	62
67	54	62
68	48	62
69	13.2	62
70	48.7	62
71	36	62
72	43	62
73	39	62
74	46	62
75	32.0	62
76	55	62
77	48	62
78	57	62
79	36	62
80	27.2	62
81	37	62
82	45	62
83	43	62
84	34	62
85	14.2	62
86	27	62
87	25	62
88	11.1	62
1	55	63
2	64	63
3	31	63
4	54	63
5	55	63
6	53.2	63
7	34	63
8	61	63
9	59	63
10	61	63
11	48	63
12	23.6	63
13	22.6	63
14	39	63
15	39.6	63
16	37	63
17	85.4	63
18	82.8	63
19	45	63
20	77	63
21	84	63
22	12	63
23	27	63
24	25.9	63
25	34	63
26	27	63
27	20.7	63
28	18.5	63
29	25	63
30	25	63
31	36	63
32	34.3	63
33	52.5	63
34	38.3	63
35	40.6	63
36	43	63
37	32.2	63
38	28	63
39	30.7	63
40	10.6	63
41	12.0	63
42	43	63
43	25	63
44	28.1	63
45	16	63
46	16	63
47	40.8	63
48	19	63
49	34	63
50	37	63
51	36	63
52	31.1	63
53	37	63
54	39.2	63
55	45	63
56	43	63
57	48.7	63
58	34	63
59	34	63
60	27	63
61	30	63
62	33.1	63
63	28	63
64	35.2	63
65	37	63
66	39	63
67	72	63
68	52	63
69	4.2	63
70	57.0	63
71	34	63
72	43	63
73	37.0	63
74	39	63
75	35.2	63
76	55	63
77	46.6	63
78	42	63
79	37	63
80	19.4	63
81	37	63
82	44.0	63
83	45	63
84	34	63
85	21	63
86	27	63
87	27	63
88	16.9	63
1	47.3	64
2	56.3	64
3	32	64
4	55	64
5	61	64
6	59	64
7	41	64
8	68	64
9	64	64
10	64	64
11	50	64
12	46.1	64
13	45.7	64
14	37	64
15	38.1	64
16	39	64
17	85	64
18	81.2	64
19	54	64
20	73	64
21	86	64
22	16.7	64
23	24.6	64
24	30	64
25	31.3	64
26	23	64
27	16.9	64
28	21	64
29	36	64
30	43	64
31	32	64
32	34.9	64
33	52	64
34	43	64
35	39.4	64
36	39	64
37	34.2	64
38	21.6	64
39	23.6	64
40	9	64
41	8.0	64
42	46	64
43	37	64
44	36.3	64
45	29.7	64
46	27	64
47	45	64
48	21	64
49	32	64
50	39.5	64
51	36.1	64
52	34	64
53	34	64
54	37.2	64
55	37	64
56	48	64
57	66	64
58	28	64
59	28	64
60	36	64
61	36	64
62	36.9	64
63	34	64
64	34	64
65	34	64
66	37	64
67	72	64
68	63	64
69	20.0	64
70	46.2	64
71	39	64
72	41	64
73	42.3	64
74	46	64
75	34	64
76	47.3	64
77	48	64
78	46	64
79	39	64
80	22.6	64
81	39	64
82	46.9	64
83	48	64
84	39	64
85	28	64
86	34	64
87	19	64
88	13.5	64
1	55	65
2	56.7	65
3	30	65
4	64	65
5	70	65
6	70	65
7	46	65
8	70	65
9	66	65
10	72	65
11	52	65
12	41.1	65
13	43.2	65
14	34	65
15	33.3	65
16	43	65
17	84	65
18	82.4	65
19	54	65
20	61	65
21	84	65
22	24.8	65
23	21.2	65
24	27	65
25	34.7	65
26	23.6	65
27	18	65
28	22.0	65
29	32	65
30	36	65
31	39.2	65
32	41.9	65
33	52.9	65
34	48	65
35	39.9	65
36	30	65
37	26.2	65
38	24.8	65
39	23.6	65
40	10	65
41	10	65
42	55.8	65
43	32	65
44	36.3	65
45	28.4	65
46	27	65
47	51.5	65
48	27	65
49	30	65
50	34.3	65
51	33.2	65
52	39	65
53	24.6	65
54	34	65
55	27	65
56	48.9	65
57	50.4	65
58	25	65
59	30	65
60	39	65
61	39.0	65
62	30.8	65
63	31.3	65
64	32.2	65
65	30	65
66	30	65
67	57.2	65
68	54	65
69	16.3	65
70	54.0	65
71	46	65
72	46	65
73	41	65
74	59	65
75	43	65
76	54	65
77	50.2	65
78	43	65
79	53.7	65
80	25	65
81	43	65
82	46	65
83	46.0	65
84	43	65
85	34	65
86	32	65
87	14	65
88	9	65
1	46.2	66
2	50.2	66
3	20	66
4	72	66
5	72	66
6	70	66
7	43	66
8	66	66
9	64	66
10	68	66
11	54	66
12	52	66
13	54	66
14	32	66
15	31.1	66
16	36	66
17	75	66
18	72	66
19	54	66
20	59	66
21	82	66
22	24.7	66
23	21.3	66
24	36	66
25	25.7	66
26	18	66
27	20.7	66
28	28	66
29	46	66
30	46	66
31	32	66
32	30.6	66
33	56.3	66
34	52	66
35	38.7	66
36	27	66
37	24.3	66
38	18	66
39	17.0	66
40	18.9	66
41	18	66
42	52	66
43	45	66
44	34	66
45	33.3	66
46	32	66
47	55.1	66
48	30	66
49	25	66
50	32.8	66
51	28.4	66
52	39.6	66
53	19	66
54	32	66
55	25	66
56	45.3	66
57	48	66
58	20.4	66
59	25	66
60	38.9	66
61	46.6	66
62	38.5	66
63	32	66
64	28	66
65	28	66
66	28	66
67	57	66
68	54	66
69	30.0	66
70	43	66
71	45	66
72	37.1	66
73	47.7	66
74	54	66
75	46	66
76	46.8	66
77	55	66
78	45	66
79	50	66
80	25	66
81	36	66
82	39	66
83	40	66
84	43	66
85	30	66
86	37	66
87	18	66
88	16	66
1	50.8	67
2	52	67
3	17	67
4	66	67
5	66	67
6	64	67
7	45.3	67
8	63	67
9	64	67
10	64	67
11	54	67
12	50	67
13	51.4	67
14	36	67
15	34.2	67
16	45	67
17	79	67
18	75.2	67
19	55	67
20	63	67
21	84	67
22	27	67
23	31.4	67
24	39	67
25	39.2	67
26	31.0	67
27	26.8	67
28	32	67
29	39	67
30	45	67
31	45	67
32	46.0	67
33	61	67
34	44	67
35	46	67
36	29.6	67
37	26.4	67
38	28	67
39	28	67
40	19	67
41	19.0	67
42	54	67
43	39	67
44	34	67
45	30.7	67
46	34	67
47	54	67
48	34	67
49	25	67
50	36	67
51	34.5	67
52	46	67
53	25	67
54	36	67
55	25	67
56	51.2	67
57	54	67
58	30.8	67
59	32	67
60	48	67
61	43	67
62	52.0	67
63	50	67
64	34	67
65	34	67
66	32	67
67	55.1	67
68	57	67
69	19.6	67
70	46.2	67
71	50.0	67
72	46.1	67
73	57.0	67
74	46	67
75	45	67
76	55	67
77	57.4	67
78	63	67
79	45	67
80	25	67
81	45	67
82	46.8	67
83	48.4	67
84	48	67
85	34	67
86	43	67
87	28	67
88	18	67
1	57	68
2	61	68
3	21	68
4	64	68
5	63	68
6	57.2	68
7	45	68
8	73.4	68
9	72	68
10	73	68
11	55.4	68
12	43	68
13	43.5	68
14	30	68
15	32.0	68
16	43	68
17	84.3	68
18	81.1	68
19	46.3	68
20	70	68
21	85.3	68
22	34	68
23	31.9	68
24	33.4	68
25	37.3	68
26	30	68
27	26.1	68
28	27	68
29	37	68
30	39.7	68
31	45	68
32	41.9	68
33	68.2	68
34	46	68
35	45	68
36	25	68
37	19.4	68
38	27	68
39	25	68
40	15.6	68
41	16	68
42	59.8	68
43	37	68
44	34	68
45	27.9	68
46	25	68
47	55.3	68
48	36	68
49	18	68
50	36.4	68
51	28.0	68
52	43	68
53	16	68
54	34	68
55	14.8	68
56	45	68
57	55	68
58	33	68
59	36	68
60	42.2	68
61	39.9	68
62	46.8	68
63	45	68
64	30	68
65	36	68
66	25	68
67	68	68
68	63	68
69	14.2	68
70	46.4	68
71	43.2	68
72	50	68
73	57.0	68
74	50.1	68
75	47	68
76	55	68
77	57	68
78	55	68
79	47.3	68
80	34	68
81	43	68
82	50	68
83	52	68
84	50	68
85	41	68
86	43	68
87	28	68
88	22.8	68
1	53.1	69
2	57.7	69
3	19	69
4	64.7	69
5	68	69
6	63	69
7	48	69
8	77	69
9	73	69
10	79	69
11	61	69
12	55	69
13	56.6	69
14	37	69
15	37.0	69
16	48	69
17	77	69
18	74.6	69
19	50	69
20	68	69
21	86.4	69
22	32.2	69
23	30.2	69
24	28.4	69
25	36	69
26	27	69
27	19.8	69
28	19	69
29	46	69
30	63	69
31	39	69
32	37.0	69
33	54	69
34	50	69
35	50	69
36	37	69
37	27.0	69
38	23.0	69
39	25	69
40	10	69
41	10.0	69
42	46.4	69
43	45	69
44	34	69
45	34	69
46	27	69
47	59.5	69
48	36	69
49	28	69
50	39.6	69
51	38.1	69
52	48	69
53	25	69
54	39	69
55	25	69
56	54.7	69
57	55	69
58	34.3	69
59	37	69
60	61	69
61	59	69
62	50	69
63	46	69
64	37.8	69
65	39	69
66	37	69
67	67.8	69
68	57	69
69	11.4	69
70	52	69
71	39.7	69
72	39.2	69
73	63.0	69
74	61	69
75	55	69
76	55	69
77	57	69
78	61	69
79	60.9	69
80	34.3	69
81	47.3	69
82	61	69
83	63	69
84	52	69
85	46	69
86	45	69
87	25	69
88	18	69
1	55	70
2	54	70
3	15	70
4	68	70
5	72	70
6	75	70
7	63	70
8	81	70
9	82	70
10	84	70
11	63	70
12	63	70
13	62.4	70
14	34	70
15	34.3	70
16	39	70
17	73	70
18	65.3	70
19	57	70
20	61	70
21	75	70
22	34.0	70
23	21.9	70
24	25	70
25	46	70
26	21.3	70
27	19.6	70
28	30	70
29	56.1	70
30	64	70
31	45	70
32	45.3	70
33	61	70
34	63	70
35	43	70
36	30	70
37	27.5	70
38	24.4	70
39	19	70
40	16	70
41	16	70
42	61	70
43	59	70
44	39	70
45	52	70
46	46	70
47	63	70
48	39	70
49	28	70
50	39	70
51	36	70
52	50	70
53	22.6	70
54	37	70
55	25	70
56	54	70
57	57	70
58	24.0	70
59	25	70
60	68	70
61	67.5	70
62	48.4	70
63	45	70
64	32	70
65	27	70
66	30	70
67	63	70
68	63	70
69	30	70
70	54	70
71	57.6	70
72	55	70
73	70	70
74	70	70
75	61	70
76	57	70
77	64	70
78	66	70
79	68.3	70
80	27	70
81	39	70
82	48.1	70
83	48.7	70
84	54	70
85	42	70
86	45	70
87	19	70
88	14.3	70
1	63	71
2	63	71
3	4	71
4	69.0	71
5	79	71
6	79	71
7	66	71
8	77	71
9	73	71
10	81	71
11	60.7	71
12	63	71
13	59	71
14	25	71
15	27	71
16	39	71
17	79	71
18	70	71
19	61	71
20	68	71
21	83.7	71
22	28	71
23	34	71
24	34	71
25	37	71
26	27	71
27	36.0	71
28	37.5	71
29	46	71
30	55	71
31	43	71
32	45	71
33	64	71
34	66	71
35	41	71
36	27	71
37	18.9	71
38	25	71
39	27	71
40	32	71
41	30.0	71
42	64	71
43	46	71
44	43	71
45	44.1	71
46	43	71
47	64	71
48	36	71
49	19	71
50	32	71
51	27.3	71
52	54	71
53	27.1	71
54	32	71
55	18	71
56	60.0	71
57	64	71
58	27	71
59	32	71
60	63	71
61	62.4	71
62	43	71
63	43	71
64	25	71
65	34	71
66	23	71
67	66	71
68	66	71
69	36	71
70	64.2	71
71	61	71
72	57.4	71
73	72	71
74	73	71
75	68	71
76	63	71
77	72	71
78	68	71
79	72	71
80	25	71
81	39	71
82	61	71
83	61.5	71
84	46	71
85	41	71
86	41.2	71
87	34	71
88	30.2	71
